32
ทฆลอ,2,0,19528.73, 38.50, -17450.08, 0.00, 0.00, -1.00
ทฆลอ,2,0,19509.00, 41.65, -17419.39, 0.00, 0.00, -1.00
ทฆลอ,2,0,19518.72, 43.34, -17423.93, 0.00, 0.00, -1.00
ทฆลอ,2,0,19466.15, 44.48, -17842.11, 0.00, 0.00, -1.00
ทฆลอ,2,0,19549.32, 35.84, -17857.40, 0.00, 0.00, -1.00
ทฆลอ,2,0,19524.17, 37.56, -17747.20, 0.00, 0.00, -1.00
ทฆลอ,2,0,19571.29, 37.26, -17756.63, 0.00, 0.00, -1.00
ทฆลอ,2,0,19522.36, 41.13, -17683.32, 0.00, 0.00, -1.00
ทฆลอ,2,0,19592.94, 40.43, -17645.53, 0.00, 0.00, -1.00
ทฆลอ,2,0,19691.93, 36.70, -17784.48, 0.00, 0.00, -1.00
ทฆลอ,2,0,19691.58, 48.81, -17863.23, 0.00, 0.00, -1.00
ทฆลอ,2,0,19604.53, 39.03, -17835.92, 0.00, 0.00, -1.00
ทฆลอ,2,0,19562.67, 34.90, -17705.90, 0.00, 0.00, -1.00
ทฆลอ,2,0,19655.48, 40.31, -17706.74, 0.00, 0.00, -1.00
ทฆลอ,2,0,19615.63, 37.89, -17591.81, 0.00, 0.00, -1.00
ทฆลอ,2,0,19575.32, 37.13, -17526.10, 0.00, 0.00, -1.00
ทฆลอ,2,0,19671.83, 38.73, -17513.87, 0.00, 0.00, -1.00
ทฆลอ,2,0,19728.56, 32.57, -17589.16, 0.00, 0.00, -1.00
ทฆลอ,2,0,19718.96, 29.19, -17582.55, 0.00, 0.00, -1.00
ทฆลอ,2,0,19691.62, 31.00, -17584.96, 0.00, 0.00, -1.00
ทฆลอ,2,0,19670.08, 39.24, -17516.03, 0.00, 0.00, -1.00
ทฆลอ,2,0,19677.20, 41.29, -17457.70, 0.00, 0.00, -1.00
ทฆลอ,2,0,19808.18, 40.09, -17503.49, 0.00, 0.00, -1.00
ทฆลอ,2,0,19834.82, 38.64, -17493.79, 0.00, 0.00, -1.00
ทฆลอ,2,0,19749.15, 35.36, -17446.81, 0.00, 0.00, -1.00
ทฆลอ,2,0,19779.49, 34.26, -17456.95, 0.00, 0.00, -1.00
ทฆลอ,2,0,19924.40, 35.29, -17433.27, 0.00, 0.00, -1.00
tree04,1,19887.27, 42.65, -17443.38, 0.00, 0.00, 0.00
tree04,1,19913.03, 41.44, -17596.80, 0.00, 0.00, 0.00
tree04,1,19631.84, 44.94, -17698.89, 0.00, 0.00, 0.00
rock07,1,19608.50, 35.50, -17609.46, 0.00, 0.00, 0.00
rock07,1,19924.38, 43.25, -17585.59, 0.00, 0.00, 0.00
