29
전갈,2,0,19750.09, 34.26, -14697.26, 0.00, 0.00, -1.00
전갈,2,0,19553.05, 40.78, -14616.12, 0.00, 0.00, -1.00
전갈,2,0,19901.28, 39.54, -14514.35, 0.00, 0.00, -1.00
전갈,2,0,19517.14, 32.57, -14429.72, 0.00, 0.00, -1.00
전갈,2,0,19876.64, 38.83, -14423.29, 0.00, 0.00, -1.00
하피,2,0,19882.47, 49.37, -14642.51, 0.00, 0.00, -1.00
하피,2,0,19899.42, 50.05, -14574.94, 0.00, 0.00, -1.00
하피,2,0,19886.18, 46.50, -14656.10, 0.00, 0.00, -1.00
하피,2,0,19885.16, 54.15, -14588.47, 0.00, 0.00, -1.00
하피,2,0,19856.01, 51.10, -14587.18, 0.00, 0.00, -1.00
하피,2,0,19869.17, 35.37, -14675.67, 0.00, 0.00, -1.00
랩터,2,0,19767.85, 37.59, -14842.76, 0.00, 0.00, -1.00
랩터,2,0,19729.43, 40.90, -14804.62, 0.00, 0.00, -1.00
랩터,2,0,19762.52, 37.87, -14766.67, 0.00, 0.00, -1.00
랩터,2,0,19692.10, 37.50, -14799.92, 0.00, 0.00, -1.00
랩터,2,0,19666.24, 50.37, -14761.95, 0.00, 0.00, -1.00
전갈,2,0,19522.67, 33.99, -14687.93, 0.00, 0.00, -1.00
전갈,2,0,19457.86, 31.77, -14697.89, 0.00, 0.00, -1.00
전갈,2,0,19516.95, 36.78, -14660.42, 0.00, 0.00, -1.00
전갈,2,0,19535.70, 39.17, -14654.51, 0.00, 0.00, -1.00
전갈,2,0,19514.37, 42.28, -14614.98, 0.00, 0.00, -1.00
전갈,2,0,19523.74, 37.97, -14579.33, 0.00, 0.00, -1.00
전갈,2,0,19544.94, 39.26, -14556.93, 0.00, 0.00, -1.00
전갈,2,0,19513.05, 38.00, -14521.62, 0.00, 0.00, -1.00
전갈,2,0,19532.21, 40.10, -14533.03, 0.00, 0.00, -1.00
천둥바실리스크,2,0,19549.49, 48.05, -14783.07, 0.00, 0.00, -1.00
천둥바실리스크,2,0,19524.69, 46.28, -14815.91, 0.00, 0.00, -1.00
천둥바실리스크,2,0,19597.43, 49.63, -14765.03, 0.00, 0.00, -1.00
tree05,1,19581.33, 37.71, -14443.68, 0.00, 0.00, 0.00
