32
rock03,1,20460.81, 46.06, -14630.31, 0.00, 0.00, 0.00
rock04,1,20341.75, 40.72, -14569.95, 0.00, 0.00, 0.00
젃완쵔,2,0,20097.35, 37.95, -14687.64, 0.00, 0.00, -1.00
젃완쵔,2,0,20069.26, 33.90, -14572.84, 0.00, 0.00, -1.00
젃완쵔,2,0,20199.74, 38.24, -14585.80, 0.00, 0.00, -1.00
젃완쵔,2,0,20327.70, 39.96, -14691.65, 0.00, 0.00, -1.00
젃완쵔,2,0,20330.53, 43.95, -14840.11, 0.00, 0.00, -1.00
첲쌴,2,0,20085.79, 40.39, -14474.66, 0.00, 0.00, -1.00
,2,0,20435.54, 34.83, -14799.10, 0.00, 0.00, -1.00
,2,0,20397.85, 36.09, -14741.43, 0.00, 0.00, -1.00
,2,0,20439.95, 52.59, -14695.64, 0.00, 0.00, -1.00
,2,0,20350.96, 33.11, -14643.87, 0.00, 0.00, -1.00
,2,0,20400.32, 51.08, -14699.84, 0.00, 0.00, -1.00
,2,0,20359.45, 32.93, -14620.56, 0.00, 0.00, -1.00
,2,0,20375.24, 35.00, -14592.02, 0.00, 0.00, -1.00
,2,0,20332.48, 37.47, -14508.21, 0.00, 0.00, -1.00
,2,0,20254.03, 33.31, -14544.76, 0.00, 0.00, -1.00
,2,0,20267.59, 36.91, -14582.57, 0.00, 0.00, -1.00
,2,0,20291.67, 39.54, -14580.65, 0.00, 0.00, -1.00
,2,0,20240.47, 34.94, -14504.69, 0.00, 0.00, -1.00
,2,0,20238.38, 24.60, -14760.76, 0.00, 0.00, -1.00
,2,0,20188.76, 26.28, -14771.03, 0.00, 0.00, -1.00
,2,0,20183.27, 46.85, -14653.24, 0.00, 0.00, -1.00
,2,0,20096.31, 34.92, -14599.75, 0.00, 0.00, -1.00
,2,0,20074.83, 36.36, -14605.69, 0.00, 0.00, -1.00
,2,0,20087.47, 38.31, -14628.64, 0.00, 0.00, -1.00
,2,0,20060.01, 45.99, -14635.93, 0.00, 0.00, -1.00
,2,0,20098.37, 34.76, -14602.85, 0.00, 0.00, -1.00
,2,0,20117.32, 32.50, -14560.92, 0.00, 0.00, -1.00
,2,0,20050.66, 44.74, -14620.56, 0.00, 0.00, -1.00
,2,0,20034.24, 37.22, -14690.67, 0.00, 0.00, -1.00
,2,0,19989.38, 42.17, -14709.27, 0.00, 0.00, -1.00
