53
tree01,1,20713.94, 47.76, -15016.46, -0.53, 0.00, -0.85
tree02,1,20970.74, 34.84, -14969.55, 0.30, 0.00, 0.96
tree03,1,20877.20, 32.16, -15008.63, 0.00, 0.00, 0.00
tree04,1,20916.37, 37.03, -14920.12, 0.00, 0.00, 0.00
tree05,1,20987.74, 88.00, -15324.46, 0.00, 0.00, 0.00
bush04,1,20964.07, 38.28, -15128.62, 0.00, 0.00, 0.00
악어,2,0,20788.39, 28.45, -15141.31, 0.00, 0.00, -1.00
악어,2,0,20804.62, 32.35, -15043.98, 0.00, 0.00, -1.00
악어,2,0,20889.17, 36.98, -15117.24, 0.00, 0.00, -1.00
악어,2,0,20836.31, 28.28, -15216.80, 0.00, 0.00, -1.00
악어,2,0,20980.41, 41.05, -15055.96, 0.00, 0.00, -1.00
악어,2,0,20877.72, 33.37, -14938.77, 0.00, 0.00, -1.00
악어,2,0,20831.73, 40.18, -15330.30, 0.00, 0.00, -1.00
악어,2,0,20740.78, 34.23, -15242.17, 0.00, 0.00, -1.00
전갈,2,0,20634.14, 35.73, -15092.65, 0.00, 0.00, -1.00
전갈,2,0,20959.27, 35.70, -15178.44, 0.00, 0.00, -1.00
천둥바실리스크,2,0,20944.75, 42.54, -14897.82, 0.00, 0.00, -1.00
천둥바실리스크,2,0,20873.11, 33.34, -14945.36, 0.00, 0.00, -1.00
천둥바실리스크,2,0,20889.71, 37.26, -15023.90, 0.00, 0.00, -1.00
천둥바실리스크,2,0,20914.82, 37.80, -15140.13, 0.00, 0.00, -1.00
천둥바실리스크,2,0,20830.24, 36.72, -15162.22, 0.00, 0.00, -1.00
천둥바실리스크,2,0,20886.26, 42.13, -15269.58, 0.00, 0.00, -1.00
천둥바실리스크,2,0,20878.98, 40.24, -15230.72, 0.00, 0.00, -1.00
전갈,2,0,20887.07, 41.10, -14868.99, 0.00, 0.00, -1.00
전갈,2,0,20895.13, 36.62, -14859.73, 0.00, 0.00, -1.00
전갈,2,0,20902.16, 35.16, -14852.64, 0.00, 0.00, -1.00
전갈,2,0,20900.43, 41.30, -14873.22, 0.00, 0.00, -1.00
전갈,2,0,20883.44, 44.55, -14875.77, 0.00, 0.00, -1.00
전갈,2,0,20875.05, 40.16, -14861.13, 0.00, 0.00, -1.00
전갈,2,0,20850.75, 51.35, -14889.24, 0.00, 0.00, -1.00
전갈,2,0,20846.22, 53.22, -14870.20, 0.00, 0.00, -1.00
전갈,2,0,20841.98, 50.87, -14859.63, 0.00, 0.00, -1.00
전갈,2,0,20857.96, 46.99, -14863.28, 0.00, 0.00, -1.00
전갈,2,0,20867.01, 46.66, -14870.09, 0.00, 0.00, -1.00
전갈,2,0,20870.86, 39.84, -14856.78, 0.00, 0.00, -1.00
전갈,2,0,20936.37, 40.70, -14865.19, 0.00, 0.00, -1.00
전갈,2,0,20955.53, 40.10, -14871.67, 0.00, 0.00, -1.00
전갈,2,0,20943.61, 42.80, -14901.63, 0.00, 0.00, -1.00
전갈,2,0,20909.86, 36.85, -14910.46, 0.00, 0.00, -1.00
전갈,2,0,20881.77, 34.78, -14925.75, 0.00, 0.00, -1.00
전갈,2,0,20880.46, 35.11, -14952.45, 0.00, 0.00, -1.00
전갈,2,0,20886.98, 35.98, -14958.84, 0.00, 0.00, -1.00
전갈,2,0,20861.67, 35.24, -14933.36, 0.00, 0.00, -1.00
전갈,2,0,20847.44, 48.25, -14907.68, 0.00, 0.00, -1.00
전갈,2,0,20846.73, 41.21, -14929.53, 0.00, 0.00, -1.00
전갈,2,0,20839.25, 36.95, -14949.32, 0.00, 0.00, -1.00
전갈,2,0,20857.57, 39.37, -14925.09, 0.00, 0.00, -1.00
전갈,2,0,20878.43, 40.53, -14907.94, 0.00, 0.00, -1.00
전갈,2,0,20869.35, 46.89, -14893.18, 0.00, 0.00, -1.00
전갈,2,0,20862.56, 44.81, -14902.31, 0.00, 0.00, -1.00
전갈,2,0,20863.00, 43.80, -14905.20, 0.00, 0.00, -1.00
전갈,2,0,20887.82, 44.41, -14886.95, 0.00, 0.00, -1.00
전갈,2,0,20900.99, 42.20, -14889.18, 0.00, 0.00, -1.00
