28
bush01,1,21324.52, 37.61, -16490.62, 0.00, 0.00, 0.00
bush01,1,21125.51, 42.16, -16427.41, 0.00, 0.00, 0.00
하피,2,0,21237.48, 43.60, -16462.61, 0.00, 0.00, -1.00
하피,2,0,21407.01, 38.90, -16406.09, 0.00, 0.00, -1.00
하피,2,0,21447.81, 47.37, -16559.13, 0.00, 0.00, -1.00
하피,2,0,21423.92, 30.99, -16858.52, 0.00, 0.00, -1.00
하피,2,0,21379.60, 32.45, -16830.79, 0.00, 0.00, -1.00
하피,2,0,21467.75, 28.85, -16678.96, 0.00, 0.00, -1.00
전갈,2,0,21451.45, 49.20, -16484.08, 0.00, 0.00, -1.00
전갈,2,0,21366.22, 39.31, -16710.76, 0.00, 0.00, -1.00
멧돼지,2,0,21416.93, 29.98, -16872.19, 0.00, 0.00, -1.00
멧돼지,2,0,21406.16, 35.25, -16829.93, 0.00, 0.00, -1.00
멧돼지,2,0,21393.82, 39.73, -16662.84, 0.00, 0.00, -1.00
멧돼지,2,0,21418.55, 40.25, -16636.99, 0.00, 0.00, -1.00
멧돼지,2,0,21499.03, 27.60, -16725.60, 0.00, 0.00, -1.00
tree08,1,21215.82, 40.21, -16446.76, 0.00, 0.00, 0.00
tree08,1,21037.64, 46.62, -16560.68, 0.00, 0.00, 0.00
rock03,1,21438.97, 37.39, -16712.12, 0.00, 0.00, 0.00
rock03,1,21386.17, 37.36, -16533.94, 0.00, 0.00, 0.00
천둥바실리스크,2,0,21134.42, 40.68, -16491.43, 0.00, 0.00, -1.00
천둥바실리스크,2,0,21184.50, 39.37, -16525.18, 0.00, 0.00, -1.00
천둥바실리스크,2,0,21144.77, 39.72, -16586.19, 0.00, 0.00, -1.00
천둥바실리스크,2,0,21169.27, 38.91, -16575.28, 0.00, 0.00, -1.00
천둥바실리스크,2,0,21161.82, 39.08, -16520.64, 0.00, 0.00, -1.00
천둥바실리스크,2,0,21217.37, 36.72, -16551.04, 0.00, 0.00, -1.00
천둥바실리스크,2,0,21251.82, 33.19, -16529.17, 0.00, 0.00, -1.00
천둥바실리스크,2,0,21339.12, 37.39, -16447.14, 0.00, 0.00, -1.00
천둥바실리스크,2,0,21297.01, 39.20, -16413.61, 0.00, 0.00, -1.00
