26
cliffrock05,1,19446.41, 105.82, -15822.70, 1.00, 0.00, 0.05
전갈,2,0,19045.52, 48.70, -15819.49, 0.00, 0.00, -1.00
전갈,2,0,19284.83, 41.21, -15716.28, 0.00, 0.00, -1.00
전갈,2,0,19061.26, 49.84, -15532.39, 0.00, 0.00, -1.00
전갈,2,0,19430.13, 37.23, -15452.14, 0.00, 0.00, -1.00
전갈,2,0,19313.09, 47.24, -15453.36, 0.00, 0.00, -1.00
천둥바실리스크,2,0,19222.42, 36.71, -15389.08, 0.00, 0.00, -1.00
천둥바실리스크,2,0,19298.06, 42.07, -15395.77, 0.00, 0.00, -1.00
천둥바실리스크,2,0,19366.55, 48.68, -15423.11, 0.00, 0.00, -1.00
천둥바실리스크,2,0,19373.06, 47.11, -15463.31, 0.00, 0.00, -1.00
천둥바실리스크,2,0,19351.27, 46.50, -15456.00, 0.00, 0.00, -1.00
천둥바실리스크,2,0,19432.22, 39.60, -15474.95, 0.00, 0.00, -1.00
천둥바실리스크,2,0,19306.08, 50.17, -15622.37, 0.00, 0.00, -1.00
천둥바실리스크,2,0,19254.11, 49.37, -15644.86, 0.00, 0.00, -1.00
천둥바실리스크,2,0,19250.93, 47.84, -15669.31, 0.00, 0.00, -1.00
천둥바실리스크,2,0,19303.03, 47.85, -15694.31, 0.00, 0.00, -1.00
천둥바실리스크,2,0,19343.65, 53.34, -15739.69, 0.00, 0.00, -1.00
천둥바실리스크,2,0,19255.90, 42.49, -15763.65, 0.00, 0.00, -1.00
천둥바실리스크,2,0,19180.28, 53.97, -15757.36, 0.00, 0.00, -1.00
천둥바실리스크,2,0,19177.45, 60.38, -15770.48, 0.00, 0.00, -1.00
천둥바실리스크,2,0,19291.71, 39.43, -15801.71, 0.00, 0.00, -1.00
천둥바실리스크,2,0,19274.16, 46.91, -15847.13, 0.00, 0.00, -1.00
천둥바실리스크,2,0,19234.46, 52.19, -15800.94, 0.00, 0.00, -1.00
천둥바실리스크,2,0,19269.19, 40.66, -15791.63, 0.00, 0.00, -1.00
천둥바실리스크,2,0,19183.08, 46.50, -15854.65, 0.00, 0.00, -1.00
tree08,1,19306.27, 44.36, -15839.80, 0.00, 0.00, 0.00
