32
palm03,1,20157.70, 31.19, -17060.77, 0.00, 0.00, 0.00
palm03,1,20443.45, 37.62, -17119.59, 0.00, 0.00, 0.00
Àü°¥,2,0,20414.13, 33.50, -16917.30, 0.00, 0.00, -1.00
Àü°¥,2,0,20351.95, 35.50, -16963.94, 0.00, 0.00, -1.00
Àü°¥,2,0,20274.83, 37.82, -17052.97, 0.00, 0.00, -1.00
Àü°¥,2,0,20127.07, 36.50, -16956.99, 0.00, 0.00, -1.00
Àü°¥,2,0,20210.36, 39.90, -16912.07, 0.00, 0.00, -1.00
Àü°¥,2,0,20027.24, 35.43, -17178.68, 0.00, 0.00, -1.00
Àü°¥,2,0,20207.88, 33.35, -17238.72, 0.00, 0.00, -1.00
Àü°¥,2,0,20009.91, 49.05, -17043.72, 0.00, 0.00, -1.00
Àü°¥,2,0,20259.54, 36.40, -16978.76, 0.00, 0.00, -1.00
Àü°¥,2,0,19995.63, 35.00, -17220.33, 0.00, 0.00, -1.00
Àü°¥,2,0,20068.52, 40.72, -17307.26, 0.00, 0.00, -1.00
Àü°¥,2,0,20064.55, 44.61, -17366.45, 0.00, 0.00, -1.00
¾Ç¾î,2,0,20113.17, 35.71, -17337.24, 0.00, 0.00, -1.00
¾Ç¾î,2,0,20072.19, 43.51, -17371.03, 0.00, 0.00, -1.00
¾Ç¾î,2,0,20214.00, 34.00, -17338.70, 0.00, 0.00, -1.00
¾Ç¾î,2,0,20236.88, 36.84, -17347.98, 0.00, 0.00, -1.00
¾Ç¾î,2,0,20331.01, 40.50, -17383.28, 0.00, 0.00, -1.00
¾Ç¾î,2,0,20374.92, 38.11, -17324.04, 0.00, 0.00, -1.00
¾Ç¾î,2,0,20400.30, 36.03, -17404.05, 0.00, 0.00, -1.00
¾Ç¾î,2,0,20331.10, 40.43, -17374.75, 0.00, 0.00, -1.00
¾Ç¾î,2,0,20279.26, 38.81, -17302.99, 0.00, 0.00, -1.00
¾Ç¾î,2,0,20318.42, 34.40, -17211.63, 0.00, 0.00, -1.00
¾Ç¾î,2,0,20395.96, 37.61, -17260.91, 0.00, 0.00, -1.00
tree03,1,20302.61, 37.83, -17245.98, 0.00, 0.00, 0.00
tree03,1,20076.68, 46.99, -17330.32, 0.00, 0.00, 0.00
rock05,1,20389.65, 35.66, -17138.63, 0.00, 0.00, 0.00
rock06,1,20334.66, 41.74, -17095.24, 0.00, 0.00, 0.00
rock06,1,20179.80, 34.47, -17207.23, 0.00, 0.00, 0.00
rock06,1,20081.29, 35.34, -17182.32, 0.00, 0.00, 0.00
rock07,1,19975.35, 37.71, -17165.01, 0.00, 0.00, 0.00
