28
전갈,2,0,21615.47, 41.27, -14901.34, 0.00, 0.00, -1.00
전갈,2,0,21505.34, 34.00, -15215.08, 0.00, 0.00, -1.00
하피,2,0,21914.25, 35.56, -15359.44, 0.00, 0.00, -1.00
하피,2,0,21916.72, 39.14, -15294.93, 0.00, 0.00, -1.00
하피,2,0,21810.79, 36.13, -15296.67, 0.00, 0.00, -1.00
하피,2,0,21837.82, 30.58, -15320.68, 0.00, 0.00, -1.00
하피,2,0,21889.46, 36.82, -15272.72, 0.00, 0.00, -1.00
하피,2,0,21811.26, 34.59, -15199.50, 0.00, 0.00, -1.00
하피,2,0,21874.03, 36.00, -15137.33, 0.00, 0.00, -1.00
하피,2,0,21928.43, 37.39, -15103.36, 0.00, 0.00, -1.00
하피,2,0,21802.35, 35.50, -14965.38, 0.00, 0.00, -1.00
하피,2,0,21730.45, 38.37, -15045.95, 0.00, 0.00, -1.00
하피,2,0,21708.32, 40.20, -15092.65, 0.00, 0.00, -1.00
하피,2,0,21691.23, 37.92, -15128.14, 0.00, 0.00, -1.00
하피,2,0,21634.79, 30.70, -15134.94, 0.00, 0.00, -1.00
하피,2,0,21596.24, 32.97, -15028.55, 0.00, 0.00, -1.00
하피,2,0,21658.69, 36.47, -15003.83, 0.00, 0.00, -1.00
하피,2,0,21680.46, 37.02, -15048.60, 0.00, 0.00, -1.00
하피,2,0,21614.79, 33.70, -15123.29, 0.00, 0.00, -1.00
하피,2,0,21545.43, 38.40, -15135.50, 0.00, 0.00, -1.00
랩터,2,0,21571.13, 41.93, -14902.93, 0.00, 0.00, -1.00
랩터,2,0,21551.97, 35.00, -14864.00, 0.00, 0.00, -1.00
랩터,2,0,21593.25, 32.69, -14864.14, 0.00, 0.00, -1.00
랩터,2,0,21630.35, 36.87, -14880.34, 0.00, 0.00, -1.00
랩터,2,0,21689.06, 34.25, -14944.95, 0.00, 0.00, -1.00
랩터,2,0,21672.38, 36.08, -14851.01, 0.00, 0.00, -1.00
랩터,2,0,21531.53, 36.95, -14970.19, 0.00, 0.00, -1.00
tree02,1,21765.37, 38.72, -15029.73, 0.64, 0.00, 0.76
