24
전갈,2,0,19119.46, 47.07, -16341.88, 0.00, 0.00, -1.00
전갈,2,0,19072.90, 42.66, -16167.96, 0.00, 0.00, -1.00
전갈,2,0,19205.83, 34.53, -16127.32, 0.00, 0.00, -1.00
전갈,2,0,19400.41, 39.49, -15985.49, 0.00, 0.00, -1.00
천둥바실리스크,2,0,19188.27, 36.63, -15946.51, 0.00, 0.00, -1.00
천둥바실리스크,2,0,19280.33, 49.51, -15943.23, 0.00, 0.00, -1.00
천둥바실리스크,2,0,19221.75, 52.79, -15979.61, 0.00, 0.00, -1.00
천둥바실리스크,2,0,19357.61, 33.80, -16020.81, 0.00, 0.00, -1.00
천둥바실리스크,2,0,19399.76, 37.83, -16006.89, 0.00, 0.00, -1.00
천둥바실리스크,2,0,19311.52, 44.60, -16062.41, 0.00, 0.00, -1.00
천둥바실리스크,2,0,19334.92, 34.13, -16051.88, 0.00, 0.00, -1.00
천둥바실리스크,2,0,19299.08, 49.65, -16083.39, 0.00, 0.00, -1.00
천둥바실리스크,2,0,19196.68, 33.74, -16146.62, 0.00, 0.00, -1.00
천둥바실리스크,2,0,19283.13, 38.22, -16173.46, 0.00, 0.00, -1.00
천둥바실리스크,2,0,19164.10, 43.59, -16170.41, 0.00, 0.00, -1.00
천둥바실리스크,2,0,19226.91, 35.37, -16170.96, 0.00, 0.00, -1.00
천둥바실리스크,2,0,19105.08, 29.79, -16294.31, 0.00, 0.00, -1.00
천둥바실리스크,2,0,19082.92, 29.50, -16277.70, 0.00, 0.00, -1.00
천둥바실리스크,2,0,19193.28, 53.28, -16248.75, 0.00, 0.00, -1.00
천둥바실리스크,2,0,19169.46, 48.69, -16298.04, 0.00, 0.00, -1.00
천둥바실리스크,2,0,19038.83, 43.96, -16309.24, 0.00, 0.00, -1.00
천둥바실리스크,2,0,19095.95, 50.10, -16352.20, 0.00, 0.00, -1.00
tree05,1,19211.87, 49.15, -16089.59, 0.00, 0.00, 0.00
tree05,1,19093.05, 52.69, -15998.85, 0.43, 0.00, -0.90
