152
ogrimmar,0,20879.42, 55.50, -14237.16, -0.99, 0.00, 0.17
bb05,1,20929.61, 43.67, -14335.06, -0.30, 0.00, 0.96
bb05,1,20962.37, 56.36, -14285.31, 0.96, 0.00, 0.27
bb05,1,20928.23, 58.12, -14273.48, -0.30, 0.00, 0.96
bb05,1,20886.48, 56.70, -14278.24, 0.96, 0.00, 0.27
bb05,1,20919.92, 55.37, -14293.88, -0.30, 0.00, 0.96
bb02,1,20951.53, 59.20, -14307.93, -0.30, 0.00, 0.96
bb02,1,20947.92, 57.42, -14294.53, -0.30, 0.00, 0.96
bb02,1,20903.18, 56.65, -14269.81, -0.30, 0.00, 0.96
bb02,1,20900.52, 55.38, -14259.53, -0.30, 0.00, 0.96
bb01,1,20911.28, 57.16, -14238.38, -0.39, 0.00, 0.92
bb02,1,20902.89, 55.20, -14246.57, -0.91, 0.00, -0.42
bb02,1,20870.68, 56.10, -14257.22, 0.89, 0.00, 0.45
bb01,1,20857.68, 55.80, -14255.13, -0.30, 0.00, 0.96
bb01,1,20848.09, 55.95, -14258.30, -0.39, 0.00, 0.92
bb01,1,20920.94, 57.00, -14234.15, -0.48, 0.00, 0.88
bb02,1,20914.73, 53.10, -14223.87, -0.64, 0.00, 0.76
bb02,1,20907.68, 50.70, -14213.06, -0.48, 0.00, 0.88
bb02,1,20949.24, 57.10, -14300.28, -0.30, 0.00, 0.96
bb02,1,20946.00, 54.70, -14289.93, -0.30, 0.00, 0.96
bb02,1,20903.82, 55.97, -14275.46, -0.20, 0.00, 0.98
bb02,1,20897.82, 56.10, -14252.26, -0.30, 0.00, 0.96
bb02,1,20875.80, 56.10, -14255.43, 0.97, 0.00, -0.23
bb02,1,20954.15, 41.71, -14330.34, -0.30, 0.00, 0.96
bb02,1,20979.52, 41.17, -14326.54, -0.30, 0.00, 0.96
bb02,1,20976.61, 45.26, -14317.56, -0.30, 0.00, 0.96
bb02,1,20951.06, 50.15, -14321.64, -0.20, 0.00, 0.98
bb02,1,20974.85, 50.18, -14313.35, -0.39, 0.00, 0.92
bb02,1,20948.09, 57.40, -14315.66, 0.96, 0.00, 0.27
bb02,1,20973.36, 54.91, -14307.62, -0.95, 0.00, -0.32
bb02,1,20952.00, 56.55, -14265.57, -0.95, 0.00, -0.32
bb02,1,20909.67, 49.50, -14206.26, 0.84, 0.00, 0.54
bb01,1,20918.25, 49.20, -14196.94, -0.48, 0.00, 0.88
bb01,1,20927.69, 48.30, -14190.52, -0.64, 0.00, 0.76
bb02,1,20936.44, 49.20, -14182.58, 0.56, 0.00, 0.83
bb05,1,20906.49, 34.80, -14184.63, -0.64, 0.00, 0.76
bb02,1,20888.19, 33.30, -14194.57, 0.99, 0.00, -0.13
bb02,1,20918.47, 34.80, -14169.05, 0.30, 0.00, 0.96
bb01,1,20918.49, 33.90, -14157.22, 0.64, 0.00, 0.76
bb01,1,20916.78, 35.40, -14147.20, 0.39, 0.00, 0.92
bb05,1,20929.12, 34.50, -14116.05, -0.99, 0.00, 0.17
bb02,1,20922.54, 33.90, -14107.84, -0.78, 0.00, 0.62
bb02,1,20916.74, 33.90, -14104.04, 0.81, 0.00, -0.59
bb02,1,20915.32, 33.90, -14095.11, 0.48, 0.00, 0.88
bb02,1,20918.68, 34.50, -14086.79, 0.30, 0.00, 0.96
bb02,1,20920.29, 34.80, -14079.49, 0.43, 0.00, -0.90
bb02,1,20921.96, 34.20, -14070.36, 0.64, 0.00, 0.76
bb02,1,20922.18, 34.20, -14061.17, -0.48, 0.00, 0.88
bb02,1,20917.56, 33.90, -14053.42, -0.56, 0.00, 0.83
bb02,1,20917.43, 35.10, -14044.18, 0.48, 0.00, 0.88
bb05,1,20897.22, 38.37, -14027.30, 0.48, 0.00, 0.88
bb05,1,20897.47, 47.74, -14028.42, -0.24, 0.00, -0.97
bb05,1,20947.90, 50.04, -14154.39, 0.95, 0.00, -0.32
bb05,1,20944.78, 53.04, -14112.10, 1.00, 0.00, -0.03
bb02,1,20949.23, 51.00, -14139.30, -0.89, 0.00, 0.45
bb02,1,20949.48, 53.00, -14084.31, 0.84, 0.00, 0.54
bb05,1,20951.95, 57.60, -14058.76, 1.00, 0.00, 0.07
bb02,1,20945.91, 62.42, -14032.48, -0.64, 0.00, 0.76
bb02,1,20939.74, 62.40, -14025.67, -0.64, 0.00, 0.76
bb02,1,20930.77, 62.66, -14027.66, 0.72, 0.00, 0.70
bb02,1,20922.19, 63.30, -14027.82, -0.84, 0.00, 0.54
bb02,1,20917.19, 62.70, -14017.93, 0.30, 0.00, 0.96
bb02,1,20920.32, 62.10, -14024.82, 0.86, 0.00, -0.50
bb02,1,20914.16, 62.70, -14013.61, -0.93, 0.00, 0.36
bb02,1,20910.88, 62.87, -14014.80, 0.72, 0.00, 0.70
bb02,1,20903.03, 62.40, -14014.95, 0.86, 0.00, -0.50
bb02,1,20898.30, 61.80, -14013.36, 0.86, 0.00, -0.50
bb02,1,20889.05, 60.60, -14010.99, 1.00, 0.00, -0.03
bb02,1,20881.53, 59.68, -14010.45, -0.95, 0.00, -0.32
bb05,1,20862.14, 60.30, -14017.31, -0.20, 0.00, 0.98
bb02,1,20833.66, 62.70, -14019.88, 0.86, 0.00, -0.50
bb02,1,20824.32, 63.30, -14018.29, 1.00, 0.00, -0.03
bb02,1,20819.13, 64.20, -14018.88, 1.00, 0.00, -0.03
bb02,1,20815.85, 65.10, -14024.96, 0.00, 0.00, 0.00
bb02,1,20812.04, 64.50, -14033.48, -0.86, 0.00, -0.50
bb02,1,20889.16, 41.64, -14038.70, 0.86, 0.00, -0.50
bb02,1,20896.74, 41.08, -14042.05, 0.81, 0.00, -0.59
bb02,1,20901.37, 39.96, -14049.49, 0.00, 0.00, 0.00
bb02,1,20900.57, 37.88, -14058.92, 0.20, 0.00, 0.98
bb02,1,20898.41, 37.20, -14069.17, 0.20, 0.00, 0.98
bb05,1,20896.44, 40.20, -14069.43, 0.99, 0.00, -0.13
bb02,1,20897.07, 34.74, -14095.96, 0.52, 0.00, -0.86
bb02,1,20900.47, 34.50, -14101.49, -0.56, 0.00, 0.83
bb02,1,20899.73, 35.10, -14110.12, 0.64, 0.00, 0.76
bb02,1,20891.00, 35.10, -14114.64, 1.00, 0.00, 0.07
bb02,1,20884.69, 39.60, -14120.80, 0.39, 0.00, 0.92
bb02,1,20877.97, 40.70, -14128.77, 0.84, 0.00, 0.54
bb02,1,20845.78, 2.92, -14160.64, 0.00, 0.00, 0.00
bb02,1,20868.80, 41.40, -14132.18, 1.00, 0.00, 0.07
bb02,1,20860.03, 42.17, -14130.62, 0.91, 0.00, -0.42
bb02,1,20853.20, 42.30, -14124.20, -0.39, 0.00, 0.92
bb02,1,20851.59, 42.90, -14114.28, 0.20, 0.00, 0.98
bb02,1,20881.74, 58.80, -14078.57, 0.91, 0.00, -0.42
bb02,1,20872.45, 58.80, -14074.38, -0.93, 0.00, 0.36
bb02,1,20862.63, 58.50, -14072.17, 1.00, 0.00, -0.03
bb02,1,20857.77, 58.50, -14072.09, 1.00, 0.00, -0.03
bb02,1,20850.15, 56.06, -14066.96, -0.39, 0.00, 0.92
bb02,1,20849.28, 55.20, -14063.30, -0.39, 0.00, 0.92
bb02,1,20850.60, 56.10, -14054.56, 0.78, 0.00, 0.62
bb02,1,20855.10, 55.80, -14051.00, 0.72, 0.00, 0.70
bb02,1,20864.33, 56.40, -14047.71, 0.97, 0.00, -0.23
bb02,1,20873.78, 54.60, -14046.57, 0.89, 0.00, 0.45
bb02,1,20879.98, 46.80, -14039.23, 0.30, 0.00, 0.96
bb02,1,20823.55, 52.72, -14077.87, 0.10, 0.00, 1.00
bb02,1,20823.77, 51.30, -14081.66, 0.00, 0.00, 0.00
bb02,1,20818.73, 51.00, -14086.82, 0.96, 0.00, 0.27
bb02,1,20811.50, 50.70, -14089.47, 0.96, 0.00, 0.27
bb02,1,20806.57, 49.77, -14093.99, -0.48, 0.00, 0.88
bb02,1,20807.55, 49.10, -14104.33, 0.00, 0.00, 0.00
bb02,1,20807.78, 48.90, -14114.76, 0.00, 0.00, 0.00
bb02,1,20813.60, 47.23, -14123.72, -0.64, 0.00, 0.76
bb02,1,20817.79, 45.90, -14129.89, -0.72, 0.00, 0.70
bb02,1,20819.33, 44.70, -14138.92, 0.39, 0.00, 0.92
bb02,1,20816.62, 43.80, -14143.42, 0.48, 0.00, 0.88
bb02,1,20809.12, 42.90, -14150.14, 0.84, 0.00, 0.54
bb02,1,20805.23, 40.57, -14158.14, 0.00, 0.00, 0.00
bb02,1,20809.48, 39.90, -14165.95, -0.84, 0.00, 0.54
bb02,1,20816.18, 40.57, -14170.69, -0.84, 0.00, 0.54
bb02,1,20818.04, 39.60, -14178.99, 0.00, 0.00, 0.00
bb02,1,20817.76, 39.70, -14188.88, 0.00, 0.00, 0.00
bb02,1,20822.07, 39.82, -14197.50, 0.75, 0.00, -0.67
bb02,1,20828.77, 41.79, -14204.58, 0.75, 0.00, -0.67
bb02,1,20836.08, 43.80, -14211.85, -0.56, 0.00, 0.83
bb02,1,20841.78, 45.30, -14219.98, -0.48, 0.00, 0.88
bb02,1,20844.50, 49.48, -14229.18, 0.00, 0.00, 0.00
bb02,1,20844.61, 52.50, -14239.29, 0.00, 0.00, 0.00
bb02,1,20844.34, 53.40, -14249.31, 0.00, 0.00, 0.00
bb02,1,20804.23, 65.70, -14035.41, 0.99, 0.00, -0.13
bb02,1,20796.62, 67.20, -14050.01, 0.99, 0.00, -0.13
bb02,1,20805.21, 67.20, -14054.36, 0.68, 0.00, -0.74
실바나스,2,1,20817.01, 44.40, -14097.08, 0.00, 0.00, -1.00
볼진,2,1,20875.13, 54.60, -14080.92, -0.56, 0.00, -0.83
스랄,2,1,20868.87, 37.20, -14136.91, 0.00, 0.00, -1.00
오그리마 그런트,2,1,20861.01, 35.10, -14177.81, -0.64, 0.00, -0.76
오그리마 그런트,2,1,20878.45, 33.69, -14171.27, 0.72, 0.00, -0.70
오그리마 그런트,2,1,20915.54, 30.60, -14117.58, -0.84, 0.00, -0.54
오그리마 그런트,2,1,20844.19, 35.70, -14166.88, 0.00, 0.00, -1.00
오그리마 그런트,2,1,20835.61, 45.00, -14107.98, -0.93, 0.00, -0.36
오그리마 그런트,2,1,20876.96, 37.20, -14140.17, -0.95, 0.00, 0.32
오그리마 그런트,2,1,20904.04, 31.36, -14117.35, 1.00, 0.00, 0.03
오그리마 그런트,2,1,20885.58, 46.20, -14223.45, -0.56, 0.00, -0.83
오그리마 그런트,2,1,20876.87, 49.50, -14243.56, 0.99, 0.00, -0.17
오그리마 그런트,2,1,20879.38, 33.60, -14182.54, -0.86, 0.00, 0.50
오그리마 그런트,2,1,20831.98, 41.70, -14134.71, -0.99, 0.00, -0.17
오그리마 그런트,2,1,20854.56, 41.27, -14219.27, 0.60, 0.00, 0.80
상인,2,1,20852.52, 34.50, -14179.31, 0.00, 0.00, -1.00
band01,2,1,20856.22, 34.80, -14180.44, -0.39, 0.00, -0.92
band02,2,1,20848.52, 34.67, -14179.72, 0.78, 0.00, -0.62
band03,2,1,20846.66, 34.50, -14182.24, 0.90, 0.00, -0.44
랩터,2,0,20781.27, 3.00, -14297.89, 0.00, 0.00, -1.00
랩터,2,0,20830.29, 3.00, -14330.88, 0.00, 0.00, -1.00
랩터,2,0,20864.88, 7.07, -14334.18, 0.00, 0.00, -1.00
