33
rock06,1,20796.04, 39.16, -16956.52, 0.00, 0.00, 0.00
rock07,1,20914.58, 33.02, -17124.78, 0.00, 0.00, 0.00
palm01,1,20850.97, 35.05, -17325.90, 0.00, 0.00, 0.00
palm02,1,20864.90, 31.54, -17321.63, -0.92, 0.00, -0.40
전갈,2,0,20825.04, 32.47, -17102.40, 0.00, 0.00, -1.00
전갈,2,0,20813.95, 33.00, -17227.43, 0.00, 0.00, -1.00
전갈,2,0,20694.54, 39.56, -16918.28, 0.00, 0.00, -1.00
전갈,2,0,20611.15, 39.93, -16990.44, 0.00, 0.00, -1.00
악어,2,0,20824.28, 38.56, -17276.47, 0.00, 0.00, -1.00
악어,2,0,20834.70, 39.51, -17292.97, 0.00, 0.00, -1.00
악어,2,0,20903.88, 37.50, -17296.10, 0.00, 0.00, -1.00
악어,2,0,20972.40, 39.05, -17304.74, 0.00, 0.00, -1.00
악어,2,0,20920.62, 36.08, -17230.58, 0.00, 0.00, -1.00
악어,2,0,20918.19, 35.50, -17237.54, 0.00, 0.00, -1.00
rock04,1,20816.70, 28.90, -17314.22, -0.20, 0.00, 0.98
천둥바실리스크,2,0,20687.69, 40.08, -17399.13, 0.00, 0.00, -1.00
천둥바실리스크,2,0,20564.33, 30.08, -17393.12, 0.00, 0.00, -1.00
천둥바실리스크,2,0,20498.10, 34.54, -17397.32, 0.00, 0.00, -1.00
천둥바실리스크,2,0,20539.13, 35.11, -17304.88, 0.00, 0.00, -1.00
천둥바실리스크,2,0,20637.64, 41.30, -17313.89, 0.00, 0.00, -1.00
천둥바실리스크,2,0,20681.93, 35.20, -17316.30, 0.00, 0.00, -1.00
천둥바실리스크,2,0,20862.72, 37.67, -17186.62, 0.00, 0.00, -1.00
천둥바실리스크,2,0,20784.21, 35.47, -17183.35, 0.00, 0.00, -1.00
천둥바실리스크,2,0,20723.21, 37.50, -17151.22, 0.00, 0.00, -1.00
천둥바실리스크,2,0,20699.35, 41.27, -17075.56, 0.00, 0.00, -1.00
천둥바실리스크,2,0,20740.34, 38.90, -17027.19, 0.00, 0.00, -1.00
천둥바실리스크,2,0,20781.86, 40.23, -17025.21, 0.00, 0.00, -1.00
천둥바실리스크,2,0,20621.64, 36.97, -17074.14, 0.00, 0.00, -1.00
천둥바실리스크,2,0,20601.02, 42.42, -17132.83, 0.00, 0.00, -1.00
천둥바실리스크,2,0,20582.36, 40.50, -17123.03, 0.00, 0.00, -1.00
천둥바실리스크,2,0,20561.33, 36.64, -17089.53, 0.00, 0.00, -1.00
천둥바실리스크,2,0,20653.77, 39.06, -17140.51, 0.00, 0.00, -1.00
천둥바실리스크,2,0,20508.87, 38.00, -17072.61, 0.00, 0.00, -1.00
