16
cliffrock05,1,20083.60, 129.19, -15959.85, -0.96, 0.00, 0.28
rock03,1,20348.21, 35.92, -16092.84, 0.00, 0.00, 0.00
하피,2,0,20454.55, 41.14, -16033.14, 0.00, 0.00, -1.00
하피,2,0,20389.54, 34.26, -15955.49, 0.00, 0.00, -1.00
하피,2,0,20344.37, 36.50, -15965.54, 0.00, 0.00, -1.00
창조자대경,2,0,20254.55, 32.47, -16359.77, 0.00, 0.00, -1.00
창조자대경,2,0,20183.95, 41.01, -16372.37, 0.00, 0.00, -1.00
창조자대경,2,0,20206.13, 38.35, -16251.07, 0.00, 0.00, -1.00
창조자대경,2,0,20211.11, 35.50, -16188.79, 0.00, 0.00, -1.00
창조자대경,2,0,20140.06, 40.51, -16129.09, 0.00, 0.00, -1.00
창조자대경,2,0,20099.20, 44.58, -16073.45, 0.00, 0.00, -1.00
창조자대경,2,0,20229.71, 40.52, -16055.80, 0.00, 0.00, -1.00
창조자대경,2,0,20235.28, 34.68, -16193.84, 0.00, 0.00, -1.00
창조자대경,2,0,20240.48, 36.00, -15940.31, 0.00, 0.00, -1.00
창조자대경,2,0,20259.98, 39.45, -15890.82, 0.00, 0.00, -1.00
창조자대경,2,0,20326.49, 38.93, -15890.45, 0.00, 0.00, -1.00
