26
¿¸∞•,2,0,20804.22, 44.77, -16000.30, 0.00, 0.00, -1.00
∏‰µ≈¡ˆ,2,0,20643.77, 35.95, -16277.69, 0.00, 0.00, -1.00
∏‰µ≈¡ˆ,2,0,20777.41, 35.00, -16383.06, 0.00, 0.00, -1.00
∏‰µ≈¡ˆ,2,0,20781.30, 31.49, -16244.60, 0.00, 0.00, -1.00
∏‰µ≈¡ˆ,2,0,20617.46, 41.16, -16243.71, 0.00, 0.00, -1.00
∏‰µ≈¡ˆ,2,0,20545.85, 34.35, -16310.48, 0.00, 0.00, -1.00
æ«æÓ,2,0,20694.73, 37.30, -16267.09, 0.00, 0.00, -1.00
æ«æÓ,2,0,20706.68, 37.83, -16210.82, 0.00, 0.00, -1.00
æ«æÓ,2,0,20615.47, 35.20, -16224.00, 0.00, 0.00, -1.00
æ«æÓ,2,0,20584.64, 40.31, -16281.52, 0.00, 0.00, -1.00
«œ««,2,0,20511.24, 38.50, -16019.50, 0.00, 0.00, -1.00
«œ««,2,0,20490.80, 35.82, -15917.40, 0.00, 0.00, -1.00
∑¶≈Õ,2,0,20738.11, 83.37, -15913.46, 0.00, 0.00, -1.00
∑¶≈Õ,2,0,20748.39, 37.45, -16091.01, 0.00, 0.00, -1.00
∑¶≈Õ,2,0,20557.22, 40.47, -16135.87, 0.00, 0.00, -1.00
∑¶≈Õ,2,0,20882.83, 50.35, -16138.14, 0.00, 0.00, -1.00
∑¶≈Õ,2,0,20870.97, 36.10, -16368.23, 0.00, 0.00, -1.00
∑¶≈Õ,2,0,20842.32, 40.08, -16256.33, 0.00, 0.00, -1.00
rock03,1,20967.02, 35.46, -16190.34, 0.00, 0.00, 0.00
rock02,1,20879.18, 49.79, -16207.27, 0.86, 0.00, -0.50
rock03,1,20727.24, 36.71, -16375.08, 0.00, 0.00, 0.00
rock03,1,20956.80, 41.60, -15943.27, 0.00, 0.00, 0.00
rock04,1,20968.27, 42.70, -15925.31, -0.14, 0.00, -0.99
rock05,1,20979.76, 46.62, -15928.12, -0.72, 0.00, 0.70
√µµ’πŸΩ«∏ÆΩ∫≈©,2,0,20817.07, 34.66, -16212.10, 0.00, 0.00, -1.00
√µµ’πŸΩ«∏ÆΩ∫≈©,2,0,20790.00, 35.75, -16334.62, 0.00, 0.00, -1.00
