49
하피,2,0,21566.73, 35.98, -16254.70, 0.00, 0.00, -1.00
하피,2,0,21561.29, 33.19, -16108.25, 0.00, 0.00, -1.00
전갈,2,0,21690.58, 36.90, -16241.09, 0.00, 0.00, -1.00
전갈,2,0,21528.88, 37.39, -16381.71, 0.00, 0.00, -1.00
하피,2,0,21810.83, 38.13, -16374.24, 0.00, 0.00, -1.00
하피,2,0,21799.03, 42.81, -16306.23, 0.00, 0.00, -1.00
하피,2,0,21912.32, 35.58, -16282.97, 0.00, 0.00, -1.00
하피,2,0,21948.41, 38.81, -16358.49, 0.00, 0.00, -1.00
하피,2,0,21971.13, 34.48, -16354.99, 0.00, 0.00, -1.00
하피,2,0,21902.91, 39.86, -16369.64, 0.00, 0.00, -1.00
하피,2,0,21917.30, 38.33, -16318.83, 0.00, 0.00, -1.00
하피,2,0,21897.57, 35.50, -16320.92, 0.00, 0.00, -1.00
하피,2,0,21890.43, 34.51, -16288.11, 0.00, 0.00, -1.00
하피,2,0,21963.53, 39.63, -16279.93, 0.00, 0.00, -1.00
하피,2,0,21946.46, 36.55, -16344.21, 0.00, 0.00, -1.00
하피,2,0,21947.86, 38.19, -16310.88, 0.00, 0.00, -1.00
하피,2,0,21973.44, 21.85, -16162.60, 0.00, 0.00, -1.00
하피,2,0,21944.04, 21.50, -16148.68, 0.00, 0.00, -1.00
하피,2,0,21919.14, 28.54, -16165.36, 0.00, 0.00, -1.00
하피,2,0,21886.16, 40.53, -16204.95, 0.00, 0.00, -1.00
하피,2,0,21807.06, 42.97, -16277.26, 0.00, 0.00, -1.00
하피,2,0,21667.60, 28.41, -16283.43, 0.00, 0.00, -1.00
하피,2,0,21714.51, 47.87, -16199.01, 0.00, 0.00, -1.00
하피,2,0,21681.75, 34.08, -16246.46, 0.00, 0.00, -1.00
하피,2,0,21729.26, 41.29, -16225.69, 0.00, 0.00, -1.00
하피,2,0,21723.96, 50.43, -16183.38, 0.00, 0.00, -1.00
하피,2,0,21856.54, 49.55, -16084.93, 0.00, 0.00, -1.00
하피,2,0,21917.97, 38.46, -16053.19, 0.00, 0.00, -1.00
하피,2,0,21860.35, 40.50, -16034.98, 0.00, 0.00, -1.00
하피,2,0,21878.71, 33.50, -16002.93, 0.00, 0.00, -1.00
하피,2,0,21919.67, 34.47, -15955.92, 0.00, 0.00, -1.00
하피,2,0,21971.61, 35.55, -15943.31, 0.00, 0.00, -1.00
하피,2,0,21899.49, 40.40, -15927.80, 0.00, 0.00, -1.00
하피,2,0,21961.39, 36.83, -15943.99, 0.00, 0.00, -1.00
하피,2,0,21933.71, 39.66, -16009.25, 0.00, 0.00, -1.00
하피,2,0,21884.01, 32.52, -15975.88, 0.00, 0.00, -1.00
하피,2,0,21901.28, 33.54, -15955.66, 0.00, 0.00, -1.00
하피,2,0,21715.58, 39.50, -16024.64, 0.00, 0.00, -1.00
하피,2,0,21719.94, 43.26, -16082.21, 0.00, 0.00, -1.00
하피,2,0,21711.60, 41.34, -15994.50, 0.00, 0.00, -1.00
하피,2,0,21673.33, 43.00, -15934.70, 0.00, 0.00, -1.00
하피,2,0,21656.79, 49.32, -15912.64, 0.00, 0.00, -1.00
하피,2,0,21646.77, 51.98, -15939.31, 0.00, 0.00, -1.00
하피,2,0,21611.38, 45.96, -15909.56, 0.00, 0.00, -1.00
하피,2,0,21852.46, 36.42, -15885.66, 0.00, 0.00, -1.00
하피,2,0,21892.04, 37.98, -15884.14, 0.00, 0.00, -1.00
tree05,1,21721.99, 39.64, -15939.56, 0.00, 0.00, 0.00
tree05,1,21713.26, 45.71, -16085.62, 0.00, 0.00, 0.00
rock03,1,21519.56, 43.31, -16241.98, 0.00, 0.00, 0.00
