17
bush02,1,20886.16, 41.74, -15689.28, 0.00, 0.00, 0.00
bush03,1,20922.62, 30.69, -15539.37, 0.00, 0.00, 0.00
bush01,1,20686.10, 46.74, -15783.92, 0.00, 0.00, 0.00
bush02,1,20689.96, 46.45, -15781.23, 0.00, 0.00, 0.00
전갈,2,0,20808.78, 39.00, -15783.33, 0.00, 0.00, -1.00
랩터,2,0,20599.66, 43.48, -15770.88, 0.00, 0.00, -1.00
랩터,2,0,20641.90, 36.18, -15831.65, 0.00, 0.00, -1.00
랩터,2,0,20592.77, 36.66, -15628.49, 0.00, 0.00, -1.00
랩터,2,0,20977.36, 46.32, -15578.50, 0.00, 0.00, -1.00
창조자대경,2,0,20507.05, 34.64, -15833.97, 0.00, 0.00, -1.00
창조자대경,2,0,20520.12, 47.75, -15665.54, 0.00, 0.00, -1.00
창조자대경,2,0,20516.95, 54.30, -15501.46, 0.00, 0.00, -1.00
rock06,1,20670.67, 42.41, -15658.08, 0.00, 0.00, 0.00
천둥바실리스크,2,0,20956.10, 44.32, -15630.37, 0.00, 0.00, -1.00
천둥바실리스크,2,0,20874.35, 41.36, -15511.57, 0.00, 0.00, -1.00
천둥바실리스크,2,0,20886.28, 37.56, -15521.96, 0.00, 0.00, -1.00
천둥바실리스크,2,0,20931.80, 30.03, -15565.51, 0.00, 0.00, -1.00
