30
ทฆลอ,2,0,19405.93, 53.50, -17474.19, 0.00, 0.00, -1.00
ทฆลอ,2,0,19361.63, 54.20, -17465.75, 0.00, 0.00, -1.00
ทฆลอ,2,0,19367.42, 52.99, -17477.46, 0.00, 0.00, -1.00
ทฆลอ,2,0,19229.23, 32.69, -17503.09, 0.00, 0.00, -1.00
ทฆลอ,2,0,19300.92, 34.53, -17545.95, 0.00, 0.00, -1.00
ทฆลอ,2,0,19183.56, 34.39, -17491.54, 0.00, 0.00, -1.00
ทฆลอ,2,0,19137.04, 43.69, -17419.90, 0.00, 0.00, -1.00
ทฆลอ,2,0,19121.06, 34.37, -17494.95, 0.00, 0.00, -1.00
ทฆลอ,2,0,19093.63, 36.80, -17587.69, 0.00, 0.00, -1.00
ทฆลอ,2,0,19200.39, 43.30, -17632.67, 0.00, 0.00, -1.00
ทฆลอ,2,0,19250.73, 38.89, -17647.79, 0.00, 0.00, -1.00
ทฆลอ,2,0,19256.53, 40.86, -17673.83, 0.00, 0.00, -1.00
ทฆลอ,2,0,19198.69, 38.56, -17743.63, 0.00, 0.00, -1.00
ทฆลอ,2,0,19228.97, 47.05, -17751.58, 0.00, 0.00, -1.00
ทฆลอ,2,0,19333.70, 38.84, -17774.74, 0.00, 0.00, -1.00
ทฆลอ,2,0,19349.22, 32.44, -17806.96, 0.00, 0.00, -1.00
ทฆลอ,2,0,19277.49, 33.19, -17840.47, 0.00, 0.00, -1.00
ทฆลอ,2,0,19237.80, 45.00, -17738.99, 0.00, 0.00, -1.00
ทฆลอ,2,0,19280.95, 39.81, -17781.50, 0.00, 0.00, -1.00
ทฆลอ,2,0,19182.59, 36.60, -17841.99, 0.00, 0.00, -1.00
ทฆลอ,2,0,19288.48, 32.89, -17857.20, 0.00, 0.00, -1.00
ทฆลอ,2,0,19384.33, 32.08, -17862.93, 0.00, 0.00, -1.00
ทฆลอ,2,0,19413.92, 38.46, -17871.67, 0.00, 0.00, -1.00
ทฆลอ,2,0,19455.53, 38.77, -17864.87, 0.00, 0.00, -1.00
ทฆลอ,2,0,19431.32, 44.98, -17776.50, 0.00, 0.00, -1.00
ทฆลอ,2,0,19426.73, 42.70, -17760.12, 0.00, 0.00, -1.00
tree04,1,19360.28, 42.25, -17648.47, 0.00, 0.00, 0.00
tree05,1,19242.70, 33.61, -17538.49, 0.00, 0.00, 0.00
tree02,1,19117.08, 33.98, -17559.01, 0.00, 0.00, 0.00
rock07,1,19435.32, 41.83, -17629.33, 0.00, 0.00, 0.00
