17
rock05,1,20928.49, 41.96, -16618.07, 0.00, 0.00, 0.00
전갈,2,0,20633.69, 44.74, -16820.49, 0.00, 0.00, -1.00
전갈,2,0,20504.52, 34.92, -16888.38, 0.00, 0.00, -1.00
멧돼지,2,0,20648.55, 35.48, -16391.82, 0.00, 0.00, -1.00
악어,2,0,20582.84, 42.86, -16407.69, 0.00, 0.00, -1.00
악어,2,0,20718.90, 34.50, -16468.70, 0.00, 0.00, -1.00
전갈,2,0,20686.45, 42.88, -16863.72, 0.00, 0.00, -1.00
tree06,1,20851.43, 42.88, -16706.09, 0.00, 0.00, 0.00
tree04,1,20726.82, 42.00, -16778.23, 0.00, 0.00, 0.00
tree03,1,20621.81, 49.55, -16809.77, 0.00, 0.00, 0.00
rock04,1,20706.16, 33.09, -16537.06, 0.00, 0.00, 0.00
rock05,1,20511.06, 34.08, -16875.39, 0.00, 0.00, 0.00
천둥바실리스크,2,0,20835.40, 39.65, -16402.77, 0.00, 0.00, -1.00
천둥바실리스크,2,0,20821.63, 48.51, -16463.84, 0.00, 0.00, -1.00
천둥바실리스크,2,0,20766.80, 43.00, -16506.02, 0.00, 0.00, -1.00
천둥바실리스크,2,0,20499.92, 39.01, -16850.45, 0.00, 0.00, -1.00
천둥바실리스크,2,0,20514.76, 40.37, -16767.75, 0.00, 0.00, -1.00
