38
tree06,1,21221.47, 45.21, -15967.79, 0.00, 0.00, 0.00
tree08,1,21321.01, 38.50, -16063.35, 0.00, 0.00, 0.00
bush02,1,21064.87, 39.23, -16135.46, 0.00, 0.00, 0.00
bush01,1,21042.60, 43.76, -15940.48, 0.00, 0.00, 0.00
bush02,1,21270.95, 38.87, -16163.11, 0.00, 0.00, 0.00
bush03,1,21183.23, 38.01, -16297.09, 0.00, 0.00, 0.00
하피,2,0,21084.04, 39.02, -15903.84, 0.00, 0.00, -1.00
하피,2,0,21003.36, 49.16, -15935.84, 0.00, 0.00, -1.00
하피,2,0,21099.53, 57.98, -15996.08, 0.00, 0.00, -1.00
하피,2,0,21192.31, 41.86, -15990.24, 0.00, 0.00, -1.00
하피,2,0,21152.71, 37.66, -16102.75, 0.00, 0.00, -1.00
하피,2,0,21251.50, 41.08, -16056.35, 0.00, 0.00, -1.00
하피,2,0,21353.37, 43.17, -16153.19, 0.00, 0.00, -1.00
하피,2,0,21289.99, 38.50, -16229.12, 0.00, 0.00, -1.00
하피,2,0,21325.84, 32.23, -16313.46, 0.00, 0.00, -1.00
하피,2,0,21366.50, 39.00, -16327.79, 0.00, 0.00, -1.00
하피,2,0,21399.87, 35.36, -16268.70, 0.00, 0.00, -1.00
하피,2,0,21375.23, 34.37, -16187.35, 0.00, 0.00, -1.00
하피,2,0,21460.57, 34.38, -16220.51, 0.00, 0.00, -1.00
하피,2,0,21470.20, 40.57, -16314.49, 0.00, 0.00, -1.00
하피,2,0,21176.39, 38.30, -16219.20, 0.00, 0.00, -1.00
하피,2,0,21096.16, 37.74, -16237.90, 0.00, 0.00, -1.00
하피,2,0,21117.15, 32.99, -16320.07, 0.00, 0.00, -1.00
하피,2,0,21094.01, 39.75, -16360.48, 0.00, 0.00, -1.00
하피,2,0,21111.57, 38.06, -16085.97, 0.00, 0.00, -1.00
하피,2,0,21245.33, 33.66, -16374.63, 0.00, 0.00, -1.00
하피,2,0,21422.66, 30.84, -16141.42, 0.00, 0.00, -1.00
랩터,2,0,21298.25, 36.92, -15935.93, 0.00, 0.00, -1.00
tree06,1,21457.86, 36.43, -16215.69, 0.00, 0.00, 0.00
tree06,1,21297.13, 34.64, -16353.13, 0.00, 0.00, 0.00
천둥바실리스크,2,0,21051.18, 54.79, -15915.70, 0.00, 0.00, -1.00
천둥바실리스크,2,0,21031.41, 60.63, -15902.34, 0.00, 0.00, -1.00
천둥바실리스크,2,0,21118.57, 58.00, -16028.14, 0.00, 0.00, -1.00
천둥바실리스크,2,0,21115.75, 58.89, -15991.79, 0.00, 0.00, -1.00
천둥바실리스크,2,0,21160.39, 38.35, -16102.76, 0.00, 0.00, -1.00
천둥바실리스크,2,0,21115.72, 36.07, -16180.86, 0.00, 0.00, -1.00
천둥바실리스크,2,0,21070.11, 38.72, -16162.98, 0.00, 0.00, -1.00
천둥바실리스크,2,0,21138.14, 34.27, -16182.19, 0.00, 0.00, -1.00
