17
ภฐฅ,2,0,19363.76, 38.47, -16905.12, 0.00, 0.00, -1.00
ภฐฅ,2,0,19216.86, 30.61, -16927.15, 0.00, 0.00, -1.00
ภฐฅ,2,0,19261.08, 29.41, -16977.14, 0.00, 0.00, -1.00
ภฐฅ,2,0,19447.80, 42.97, -16962.17, 0.00, 0.00, -1.00
ทฆลอ,2,0,19374.56, 40.38, -17083.16, 0.00, 0.00, -1.00
ทฆลอ,2,0,19418.09, 36.16, -17125.47, 0.00, 0.00, -1.00
ทฆลอ,2,0,19340.21, 38.73, -17164.35, 0.00, 0.00, -1.00
ทฆลอ,2,0,19326.99, 34.19, -17150.54, 0.00, 0.00, -1.00
ทฆลอ,2,0,19405.76, 42.84, -17151.15, 0.00, 0.00, -1.00
ทฆลอ,2,0,19435.68, 41.84, -17188.17, 0.00, 0.00, -1.00
ทฆลอ,2,0,19405.84, 35.02, -17264.13, 0.00, 0.00, -1.00
ทฆลอ,2,0,19423.32, 36.23, -17366.93, 0.00, 0.00, -1.00
ทฆลอ,2,0,19370.20, 51.78, -17401.46, 0.00, 0.00, -1.00
ทฆลอ,2,0,19316.78, 53.13, -17387.88, 0.00, 0.00, -1.00
tree03,1,19217.79, 34.11, -17302.09, 0.00, 0.00, 0.00
palm03,1,19280.19, 39.47, -17086.29, 0.00, 0.00, 0.00
rock07,1,19379.87, 37.80, -17234.95, 0.00, 0.00, 0.00
