33
cliffrock05,1,21490.09, 110.87, -15783.51, -1.00, 0.00, 0.09
cliffrock05,1,21498.06, 108.11, -15815.23, -0.66, 0.00, -0.75
cliffrock06,1,21473.26, 105.22, -15800.95, 0.00, 0.00, 0.00
cliffrock06,1,21468.97, 102.38, -15834.66, 0.00, 0.00, 0.00
cliffrock05,1,21455.05, 82.64, -15771.88, 0.95, 0.00, -0.32
cliffrock06,1,21392.07, 107.38, -15749.66, 0.00, 0.00, 0.00
cliffrock06,1,21445.31, 104.97, -15828.19, 0.52, 0.00, -0.86
cliffrock06,1,21496.30, 121.74, -15501.39, -0.33, 0.00, -0.94
cliffrock07,1,21475.10, 117.13, -15483.67, 0.00, 0.00, 0.00
cliffrock08,1,21448.77, 133.96, -15491.25, 0.84, 0.00, 0.54
cliffrock07,1,21452.11, 118.23, -15478.92, 0.60, 0.00, -0.80
cliffrock06,1,21434.29, 109.49, -15444.78, 1.00, 0.00, -0.03
cliffrock06,1,21456.52, 107.76, -15410.07, 0.00, 0.00, 0.00
cliffrock06,1,21499.06, 92.50, -15472.35, 0.90, 0.00, 0.44
cliffrock06,1,21468.88, 104.51, -15502.88, 0.00, 0.00, 0.00
rock03,1,21240.91, 33.71, -15487.98, 1.00, 0.00, 0.07
bush04,1,21151.65, 41.40, -15447.79, 0.00, 0.00, 0.00
bush04,1,21176.07, 34.93, -15656.59, 0.00, 0.00, 0.00
bush03,1,21200.11, 31.61, -15788.88, 0.00, 0.00, 0.00
하피,2,0,21010.76, 42.83, -15845.16, 0.00, 0.00, -1.00
전갈,2,0,21355.23, 36.31, -15486.69, 0.00, 0.00, -1.00
전갈,2,0,21412.76, 50.27, -15406.19, 0.00, 0.00, -1.00
전갈,2,0,21421.68, 38.26, -15687.78, 0.00, 0.00, -1.00
전갈,2,0,21087.56, 41.50, -15553.67, 0.00, 0.00, -1.00
전갈,2,0,21217.14, 32.70, -15613.02, 0.00, 0.00, -1.00
랩터,2,0,21235.46, 44.81, -15717.49, 0.00, 0.00, -1.00
창조자대경,2,0,21186.41, 38.72, -15393.72, 0.00, 0.00, -1.00
rock07,1,21097.61, 84.74, -15670.89, 0.00, 0.00, 0.00
rock04,1,21146.63, 57.24, -15593.93, 0.00, 0.00, 0.00
rock03,1,21195.95, 32.52, -15765.90, 0.00, 0.00, 0.00
천둥바실리스크,2,0,20999.91, 46.07, -15560.31, 0.00, 0.00, -1.00
천둥바실리스크,2,0,21031.88, 53.20, -15604.92, 0.00, 0.00, -1.00
천둥바실리스크,2,0,21031.09, 45.37, -15847.92, 0.00, 0.00, -1.00
