32
전갈,2,0,19283.11, 52.56, -16528.38, 0.00, 0.00, -1.00
전갈,2,0,19209.34, 48.87, -16714.97, 0.00, 0.00, -1.00
전갈,2,0,19095.87, 43.41, -16590.90, 0.00, 0.00, -1.00
전갈,2,0,19195.42, 35.54, -16620.28, 0.00, 0.00, -1.00
천둥바실리스크,2,0,19151.40, 39.62, -16396.48, 0.00, 0.00, -1.00
천둥바실리스크,2,0,19247.39, 44.70, -16430.18, 0.00, 0.00, -1.00
천둥바실리스크,2,0,19215.22, 47.17, -16472.57, 0.00, 0.00, -1.00
천둥바실리스크,2,0,19265.04, 55.76, -16485.29, 0.00, 0.00, -1.00
천둥바실리스크,2,0,19298.75, 52.65, -16513.23, 0.00, 0.00, -1.00
천둥바실리스크,2,0,19165.62, 54.50, -16536.61, 0.00, 0.00, -1.00
천둥바실리스크,2,0,19172.88, 55.00, -16554.87, 0.00, 0.00, -1.00
천둥바실리스크,2,0,19274.07, 33.52, -16612.86, 0.00, 0.00, -1.00
천둥바실리스크,2,0,19196.32, 53.43, -16540.86, 0.00, 0.00, -1.00
천둥바실리스크,2,0,19088.98, 47.38, -16520.94, 0.00, 0.00, -1.00
천둥바실리스크,2,0,19140.28, 43.45, -16613.49, 0.00, 0.00, -1.00
천둥바실리스크,2,0,19277.18, 34.99, -16628.40, 0.00, 0.00, -1.00
천둥바실리스크,2,0,19353.98, 56.39, -16618.94, 0.00, 0.00, -1.00
천둥바실리스크,2,0,19240.95, 33.42, -16666.41, 0.00, 0.00, -1.00
천둥바실리스크,2,0,19123.72, 55.49, -16651.51, 0.00, 0.00, -1.00
전갈,2,0,19290.38, 48.96, -16725.43, 0.00, 0.00, -1.00
전갈,2,0,19260.91, 51.08, -16723.86, 0.00, 0.00, -1.00
전갈,2,0,19338.83, 50.84, -16752.59, 0.00, 0.00, -1.00
전갈,2,0,19226.43, 37.63, -16790.97, 0.00, 0.00, -1.00
전갈,2,0,19153.79, 42.72, -16765.40, 0.00, 0.00, -1.00
전갈,2,0,19148.00, 40.97, -16731.89, 0.00, 0.00, -1.00
전갈,2,0,19164.22, 50.34, -16742.05, 0.00, 0.00, -1.00
전갈,2,0,19195.30, 36.26, -16808.60, 0.00, 0.00, -1.00
전갈,2,0,19301.43, 45.86, -16843.39, 0.00, 0.00, -1.00
전갈,2,0,19377.53, 39.50, -16870.26, 0.00, 0.00, -1.00
palm02,1,19318.04, 30.00, -16895.02, 0.72, 0.00, 0.70
tree04,1,19353.01, 60.65, -16729.79, 0.00, 0.00, 0.00
tree05,1,19328.16, 50.58, -16528.79, 0.00, 0.00, 0.00
