20
전갈,2,0,19053.06, 40.91, -14746.81, 0.00, 0.00, -1.00
전갈,2,0,19179.96, 87.03, -14687.81, 0.00, 0.00, -1.00
전갈,2,0,19111.68, 34.04, -14454.84, 0.00, 0.00, -1.00
전갈,2,0,19450.77, 50.26, -14768.73, 0.00, 0.00, -1.00
전갈,2,0,19245.41, 40.18, -14838.19, 0.00, 0.00, -1.00
전갈,2,0,19272.43, 43.60, -14798.39, 0.00, 0.00, -1.00
전갈,2,0,19279.89, 48.49, -14774.73, 0.00, 0.00, -1.00
전갈,2,0,19272.05, 51.00, -14745.06, 0.00, 0.00, -1.00
전갈,2,0,19263.91, 48.35, -14721.29, 0.00, 0.00, -1.00
전갈,2,0,19296.67, 44.70, -14832.31, 0.00, 0.00, -1.00
전갈,2,0,19309.58, 40.17, -14786.60, 0.00, 0.00, -1.00
전갈,2,0,19315.31, 50.32, -14750.69, 0.00, 0.00, -1.00
전갈,2,0,19327.14, 54.32, -14753.86, 0.00, 0.00, -1.00
전갈,2,0,19347.16, 47.94, -14724.32, 0.00, 0.00, -1.00
전갈,2,0,19364.62, 41.07, -14695.35, 0.00, 0.00, -1.00
전갈,2,0,19387.70, 50.56, -14714.91, 0.00, 0.00, -1.00
전갈,2,0,19395.16, 44.13, -14736.89, 0.00, 0.00, -1.00
전갈,2,0,19407.53, 52.15, -14682.82, 0.00, 0.00, -1.00
전갈,2,0,19442.38, 43.02, -14647.65, 0.00, 0.00, -1.00
tree06,1,19399.10, 46.03, -14734.87, 0.00, 0.00, 0.00
