48
orctent01,1,21017.83, 42.46, -14612.93, -0.99, 0.00, -0.13
orctent02,1,21012.07, 41.49, -14601.33, 0.00, 0.00, 0.00
bush01,1,21027.70, 39.68, -14606.89, 0.00, 0.00, 0.00
bush02,1,20998.79, 41.61, -14591.71, 0.00, 0.00, 0.00
cliffrock04,1,21134.85, 114.61, -14520.04, -0.88, 0.00, -0.48
cliffrock05,1,21143.98, 112.05, -14581.61, 0.44, 0.00, -0.90
cliffrock06,1,21159.38, 108.89, -14609.24, -0.66, 0.00, 0.75
cliffrock07,1,21180.39, 126.95, -14654.43, 0.89, 0.00, 0.45
cliffrock08,1,21193.13, 126.87, -14674.96, 0.96, 0.00, 0.27
cliffrock06,1,21189.43, 108.98, -14695.09, 0.00, 0.00, 0.00
cliffrock07,1,21222.55, 124.00, -14728.03, 0.66, 0.00, 0.75
cliffrock06,1,21246.56, 108.39, -14733.51, -1.00, 0.00, -0.05
cliffrock06,1,21286.43, 108.07, -14721.52, 0.06, 0.00, -1.00
cliffrock05,1,21359.44, 110.49, -14712.56, 0.69, 0.00, 0.72
cliffrock06,1,21386.32, 108.92, -14676.99, 0.87, 0.00, -0.49
cliffrock06,1,21314.01, 109.90, -14587.48, 0.52, 0.00, -0.86
cliffrock05,1,21260.48, 109.98, -14547.44, -0.98, 0.00, 0.19
cliffrock06,1,21088.49, 117.38, -14790.04, 0.48, 0.00, 0.88
cliffrock05,1,21119.93, 118.67, -14840.32, 0.00, 0.00, 0.00
rock04,1,21377.59, 41.58, -14643.15, 0.00, 0.00, 0.00
rock08,1,21061.60, 39.65, -14844.43, 0.00, 0.00, 0.00
taurenbridge01lantern,1,21025.03, 40.65, -14612.78, 0.00, 0.00, 0.00
cliffrock03,1,21432.29, 77.59, -14839.74, -0.43, 0.00, -0.90
cliffrock04,1,21176.28, 72.87, -14523.42, -0.22, 0.00, -0.97
전갈,2,0,21400.71, 46.09, -14778.55, 0.00, 0.00, -1.00
전갈,2,0,21329.08, 40.50, -14524.98, 0.00, 0.00, -1.00
전갈,2,0,21384.35, 27.36, -14445.45, 0.00, 0.00, -1.00
멧돼지,2,0,20996.40, 43.21, -14506.66, 0.00, 0.00, -1.00
멧돼지,2,0,21001.06, 45.24, -14526.55, 0.00, 0.00, -1.00
멧돼지,2,0,21013.53, 43.57, -14520.53, 0.00, 0.00, -1.00
하피,2,0,21094.15, 33.82, -14466.59, 0.00, 0.00, -1.00
하피,2,0,21085.17, 34.15, -14449.98, 0.00, 0.00, -1.00
하피,2,0,21072.11, 35.94, -14487.41, 0.00, 0.00, -1.00
하피,2,0,21078.92, 35.20, -14513.30, 0.00, 0.00, -1.00
하피,2,0,21115.76, 32.00, -14462.29, 0.00, 0.00, -1.00
하피,2,0,21079.18, 35.90, -14499.08, 0.00, 0.00, -1.00
천둥바실리스크,2,0,21214.34, 32.66, -14433.31, 0.00, 0.00, -1.00
천둥바실리스크,2,0,21233.71, 33.71, -14462.66, 0.00, 0.00, -1.00
천둥바실리스크,2,0,21210.54, 32.50, -14454.00, 0.00, 0.00, -1.00
천둥바실리스크,2,0,21215.01, 31.75, -14490.69, 0.00, 0.00, -1.00
천둥바실리스크,2,0,21190.88, 31.50, -14465.34, 0.00, 0.00, -1.00
천둥바실리스크,2,0,21280.81, 29.29, -14435.55, 0.00, 0.00, -1.00
천둥바실리스크,2,0,21265.47, 33.74, -14495.57, 0.00, 0.00, -1.00
전갈,2,0,21035.55, 37.07, -14660.99, 0.00, 0.00, -1.00
천둥바실리스크,2,0,21018.39, 38.10, -14660.83, 0.00, 0.00, -1.00
천둥바실리스크,2,0,21171.07, 34.50, -14755.17, 0.00, 0.00, -1.00
천둥바실리스크,2,0,21240.00, 40.51, -14842.06, 0.00, 0.00, -1.00
천둥바실리스크,2,0,21214.99, 42.33, -14824.65, 0.00, 0.00, -1.00
