28
하피,2,0,21596.16, 36.19, -15848.92, 0.00, 0.00, -1.00
하피,2,0,21606.55, 36.73, -15838.35, 0.00, 0.00, -1.00
하피,2,0,21703.83, 44.06, -15866.20, 0.00, 0.00, -1.00
하피,2,0,21682.97, 49.12, -15860.04, 0.00, 0.00, -1.00
하피,2,0,21783.19, 33.99, -15754.32, 0.00, 0.00, -1.00
하피,2,0,21898.89, 36.97, -15856.26, 0.00, 0.00, -1.00
하피,2,0,21806.32, 33.83, -15842.70, 0.00, 0.00, -1.00
하피,2,0,21877.14, 38.14, -15762.77, 0.00, 0.00, -1.00
하피,2,0,21854.86, 35.24, -15845.93, 0.00, 0.00, -1.00
하피,2,0,21933.04, 35.50, -15804.62, 0.00, 0.00, -1.00
하피,2,0,21970.79, 39.26, -15764.69, 0.00, 0.00, -1.00
하피,2,0,21971.97, 37.50, -15869.72, 0.00, 0.00, -1.00
하피,2,0,21999.10, 38.22, -15784.47, 0.00, 0.00, -1.00
하피,2,0,21964.76, 38.50, -15704.04, 0.00, 0.00, -1.00
하피,2,0,21895.71, 35.00, -15742.19, 0.00, 0.00, -1.00
하피,2,0,21869.65, 37.41, -15659.81, 0.00, 0.00, -1.00
하피,2,0,21900.08, 40.47, -15582.08, 0.00, 0.00, -1.00
하피,2,0,21833.25, 31.02, -15685.09, 0.00, 0.00, -1.00
하피,2,0,21866.93, 36.33, -15706.16, 0.00, 0.00, -1.00
하피,2,0,21840.84, 36.04, -15736.32, 0.00, 0.00, -1.00
하피,2,0,21957.27, 33.16, -15592.74, 0.00, 0.00, -1.00
하피,2,0,21892.15, 36.98, -15516.99, 0.00, 0.00, -1.00
하피,2,0,21848.92, 35.16, -15515.13, 0.00, 0.00, -1.00
하피,2,0,21807.01, 38.75, -15554.98, 0.00, 0.00, -1.00
하피,2,0,21920.37, 33.95, -15404.26, 0.00, 0.00, -1.00
하피,2,0,21805.68, 34.42, -15383.60, 0.00, 0.00, -1.00
tree02,1,21630.69, 37.49, -15726.27, 0.00, 0.00, 0.00
tree05,1,21611.15, 37.21, -15618.90, 0.00, 0.00, 0.00
