26
ทฆลอ,2,0,19536.75, 37.03, -17291.64, 0.00, 0.00, -1.00
ทฆลอ,2,0,19570.83, 35.46, -17237.52, 0.00, 0.00, -1.00
ทฆลอ,2,0,19613.43, 32.23, -17223.32, 0.00, 0.00, -1.00
ทฆลอ,2,0,19587.56, 34.41, -17287.29, 0.00, 0.00, -1.00
ทฆลอ,2,0,19489.88, 37.72, -17335.88, 0.00, 0.00, -1.00
ทฆลอ,2,0,19638.84, 36.50, -17359.46, 0.00, 0.00, -1.00
ทฆลอ,2,0,19571.46, 32.97, -17244.43, 0.00, 0.00, -1.00
ทฆลอ,2,0,19654.38, 26.94, -17222.86, 0.00, 0.00, -1.00
ทฆลอ,2,0,19574.89, 34.15, -17314.28, 0.00, 0.00, -1.00
ทฆลอ,2,0,19512.47, 41.50, -17293.80, 0.00, 0.00, -1.00
ทฆลอ,2,0,19567.49, 36.94, -17223.08, 0.00, 0.00, -1.00
ทฆลอ,2,0,19478.21, 37.66, -17305.38, 0.00, 0.00, -1.00
ทฆลอ,2,0,19492.30, 33.11, -17378.64, 0.00, 0.00, -1.00
ทฆลอ,2,0,19547.35, 36.97, -17391.88, 0.00, 0.00, -1.00
ทฆลอ,2,0,19783.88, 38.92, -17395.61, 0.00, 0.00, -1.00
ทฆลอ,2,0,19852.08, 44.99, -17406.39, 0.00, 0.00, -1.00
ทฆลอ,2,0,19883.81, 36.39, -17343.09, 0.00, 0.00, -1.00
ทฆลอ,2,0,19845.69, 39.79, -17322.13, 0.00, 0.00, -1.00
ทฆลอ,2,0,19865.70, 32.17, -17372.69, 0.00, 0.00, -1.00
ภฐฅ,2,0,19947.27, 30.32, -17236.96, 0.00, 0.00, -1.00
tree04,1,19937.86, 42.50, -17345.19, 0.00, 0.00, 0.00
rock08,1,19696.08, 41.57, -17248.55, 0.00, 0.00, 0.00
rock08,1,19721.52, 35.22, -17239.17, 0.33, 0.00, -0.94
taurenbridge01lantern,1,19481.74, 38.12, -17113.77, 0.00, 0.00, 0.00
rock08,1,19485.56, 39.96, -17109.91, 0.00, 0.00, 0.00
rock06,1,19477.14, 40.81, -17109.11, 0.00, 0.00, 0.00
