56
cliffrock06,1,19731.92, 113.87, -15343.73, 1.00, 0.00, -0.03
cliffrock05,1,19579.50, 111.11, -15353.51, -0.87, 0.00, -0.49
cliffrock05,1,19511.34, 112.03, -15353.77, -0.37, 0.00, 0.93
전갈,2,0,19546.27, 42.64, -14882.52, 0.00, 0.00, -1.00
전갈,2,0,19478.96, 37.17, -14965.31, 0.00, 0.00, -1.00
랩터,2,0,19762.57, 38.02, -14875.82, 0.00, 0.00, -1.00
랩터,2,0,19698.04, 33.49, -14863.37, 0.00, 0.00, -1.00
랩터,2,0,19693.06, 36.91, -14906.71, 0.00, 0.00, -1.00
랩터,2,0,19631.69, 44.61, -14891.26, 0.00, 0.00, -1.00
랩터,2,0,19576.23, 37.87, -14893.26, 0.00, 0.00, -1.00
랩터,2,0,19595.63, 34.94, -14942.44, 0.00, 0.00, -1.00
랩터,2,0,19708.69, 35.07, -15085.23, 0.00, 0.00, -1.00
랩터,2,0,19749.07, 39.15, -15114.61, 0.00, 0.00, -1.00
랩터,2,0,19759.81, 37.75, -15061.96, 0.00, 0.00, -1.00
랩터,2,0,19768.92, 36.39, -15051.00, 0.00, 0.00, -1.00
랩터,2,0,19777.95, 35.05, -15115.56, 0.00, 0.00, -1.00
랩터,2,0,19761.60, 42.14, -15142.69, 0.00, 0.00, -1.00
랩터,2,0,19769.68, 40.70, -15200.38, 0.00, 0.00, -1.00
랩터,2,0,19733.95, 36.96, -15230.30, 0.00, 0.00, -1.00
랩터,2,0,19733.71, 38.26, -15130.04, 0.00, 0.00, -1.00
랩터,2,0,19781.33, 44.20, -15167.76, 0.00, 0.00, -1.00
랩터,2,0,19786.08, 36.33, -15107.41, 0.00, 0.00, -1.00
랩터,2,0,19686.97, 38.89, -15168.05, 0.00, 0.00, -1.00
랩터,2,0,19673.70, 41.95, -15091.81, 0.00, 0.00, -1.00
랩터,2,0,19712.45, 36.87, -15033.08, 0.00, 0.00, -1.00
전갈,2,0,19649.54, 41.57, -15029.88, 0.00, 0.00, -1.00
전갈,2,0,19680.88, 41.28, -15022.11, 0.00, 0.00, -1.00
전갈,2,0,19697.27, 40.03, -15100.76, 0.00, 0.00, -1.00
전갈,2,0,19616.38, 39.10, -15104.72, 0.00, 0.00, -1.00
전갈,2,0,19613.31, 35.16, -15030.44, 0.00, 0.00, -1.00
전갈,2,0,19688.06, 40.28, -15034.27, 0.00, 0.00, -1.00
전갈,2,0,19698.01, 39.98, -15040.12, 0.00, 0.00, -1.00
전갈,2,0,19706.73, 37.37, -15048.41, 0.00, 0.00, -1.00
전갈,2,0,19686.43, 40.96, -14989.20, 0.00, 0.00, -1.00
전갈,2,0,19646.66, 40.42, -15065.64, 0.00, 0.00, -1.00
전갈,2,0,19673.01, 39.48, -15082.94, 0.00, 0.00, -1.00
전갈,2,0,19656.88, 38.61, -15156.75, 0.00, 0.00, -1.00
전갈,2,0,19621.78, 39.55, -15172.79, 0.00, 0.00, -1.00
천둥바실리스크,2,0,19515.56, 50.25, -14857.44, 0.00, 0.00, -1.00
천둥바실리스크,2,0,19530.56, 51.74, -14867.53, 0.00, 0.00, -1.00
천둥바실리스크,2,0,19542.58, 53.86, -14861.56, 0.00, 0.00, -1.00
천둥바실리스크,2,0,19528.09, 36.51, -14987.94, 0.00, 0.00, -1.00
천둥바실리스크,2,0,19489.87, 33.36, -15021.09, 0.00, 0.00, -1.00
천둥바실리스크,2,0,19518.47, 38.11, -14962.77, 0.00, 0.00, -1.00
천둥바실리스크,2,0,19581.55, 33.35, -14996.38, 0.00, 0.00, -1.00
천둥바실리스크,2,0,19563.22, 39.31, -15118.26, 0.00, 0.00, -1.00
천둥바실리스크,2,0,19533.82, 36.89, -15174.75, 0.00, 0.00, -1.00
천둥바실리스크,2,0,19567.11, 36.56, -15189.72, 0.00, 0.00, -1.00
천둥바실리스크,2,0,19586.77, 32.85, -15234.43, 0.00, 0.00, -1.00
천둥바실리스크,2,0,19486.80, 34.65, -15276.03, 0.00, 0.00, -1.00
천둥바실리스크,2,0,19464.67, 39.50, -15243.32, 0.00, 0.00, -1.00
천둥바실리스크,2,0,19572.41, 35.88, -15283.45, 0.00, 0.00, -1.00
천둥바실리스크,2,0,19533.21, 38.21, -15294.36, 0.00, 0.00, -1.00
천둥바실리스크,2,0,19536.75, 36.41, -15272.92, 0.00, 0.00, -1.00
천둥바실리스크,2,0,19503.00, 39.64, -15248.87, 0.00, 0.00, -1.00
천둥바실리스크,2,0,19474.14, 37.74, -15264.10, 0.00, 0.00, -1.00
