118
bush04,1,20970.14, 49.81, -14609.23, 0.00, 0.00, 0.00
cactusapple01,1,20970.13, 48.06, -14605.24, 1.00, 0.00, -0.03
bush03,1,20972.95, 49.29, -14608.06, 0.00, 0.00, 0.00
bush04,1,20976.18, 48.70, -14608.58, 0.89, 0.00, 0.45
cactusapple01,1,20973.60, 48.36, -14606.51, -0.78, 0.00, 0.62
rock03,1,20976.82, 38.60, -14805.62, 1.00, 0.00, -0.01
rock04,1,20969.56, 56.58, -14623.41, 0.00, 0.00, 0.00
rock05,1,20930.39, 47.68, -14612.45, 0.00, 0.00, 0.00
rock05,1,20735.79, 58.48, -14708.04, 0.00, 0.00, 0.00
rock06,1,20742.72, 58.66, -14699.90, 0.00, 0.00, 0.00
rock06,1,20730.42, 54.16, -14697.19, 0.00, 0.00, 0.00
rock07,1,20736.92, 55.73, -14692.00, 0.00, 0.00, 0.00
rock07,1,20954.55, 48.54, -14799.62, 0.00, 0.00, 0.00
rock08,1,20976.21, 42.36, -14786.96, 0.00, 0.00, 0.00
rock08,1,20966.24, 45.13, -14802.34, 0.00, 0.00, 0.00
멧돼지,2,0,20586.63, 37.84, -14741.23, 0.00, 0.00, -1.00
멧돼지,2,0,20496.84, 38.40, -14732.19, 0.00, 0.00, -1.00
멧돼지,2,0,20978.14, 39.39, -14530.85, 0.00, 0.00, -1.00
멧돼지,2,0,20984.76, 37.83, -14499.28, 0.00, 0.00, -1.00
멧돼지,2,0,20974.55, 36.00, -14499.79, 0.00, 0.00, -1.00
멧돼지,2,0,20945.56, 33.55, -14515.60, 0.00, 0.00, -1.00
멧돼지,2,0,20984.05, 41.52, -14516.07, 0.00, 0.00, -1.00
멧돼지,2,0,20963.58, 34.63, -14525.69, 0.00, 0.00, -1.00
멧돼지,2,0,20961.14, 38.22, -14486.30, 0.00, 0.00, -1.00
랩터,2,0,20906.47, 31.58, -14567.35, 0.00, 0.00, -1.00
랩터,2,0,20922.42, 36.39, -14539.82, 0.00, 0.00, -1.00
랩터,2,0,20903.24, 37.80, -14530.43, 0.00, 0.00, -1.00
랩터,2,0,20886.16, 32.73, -14568.20, 0.00, 0.00, -1.00
랩터,2,0,20850.80, 32.39, -14538.11, 0.00, 0.00, -1.00
랩터,2,0,20928.42, 37.37, -14591.24, 0.00, 0.00, -1.00
랩터,2,0,20856.59, 34.19, -14566.46, 0.00, 0.00, -1.00
전갈,2,0,20694.39, 39.68, -14601.51, 0.00, 0.00, -1.00
전갈,2,0,20713.96, 34.00, -14602.67, 0.00, 0.00, -1.00
전갈,2,0,20657.38, 35.26, -14552.27, 0.00, 0.00, -1.00
전갈,2,0,20685.31, 36.48, -14581.22, 0.00, 0.00, -1.00
전갈,2,0,20731.93, 34.27, -14568.93, 0.00, 0.00, -1.00
전갈,2,0,20709.81, 35.26, -14531.87, 0.00, 0.00, -1.00
전갈,2,0,20738.03, 38.62, -14496.93, 0.00, 0.00, -1.00
전갈,2,0,20773.22, 41.50, -14550.51, 0.00, 0.00, -1.00
전갈,2,0,20692.32, 36.09, -14495.27, 0.00, 0.00, -1.00
하피,2,0,20588.58, 37.93, -14713.93, 0.00, 0.00, -1.00
하피,2,0,20579.18, 41.59, -14719.53, 0.00, 0.00, -1.00
하피,2,0,20585.16, 40.39, -14761.56, 0.00, 0.00, -1.00
하피,2,0,20548.12, 38.77, -14790.00, 0.00, 0.00, -1.00
하피,2,0,20514.52, 43.27, -14776.66, 0.00, 0.00, -1.00
랩터,2,0,20864.93, 42.38, -14811.55, 0.00, 0.00, -1.00
전갈,2,0,20861.63, 43.80, -14806.41, 0.00, 0.00, -1.00
전갈,2,0,20901.28, 37.43, -14803.71, 0.00, 0.00, -1.00
전갈,2,0,20866.59, 38.31, -14845.82, 0.00, 0.00, -1.00
전갈,2,0,20900.16, 34.49, -14822.20, 0.00, 0.00, -1.00
전갈,2,0,20871.71, 38.34, -14819.06, 0.00, 0.00, -1.00
전갈,2,0,20885.09, 33.86, -14829.08, 0.00, 0.00, -1.00
전갈,2,0,20882.92, 35.26, -14847.95, 0.00, 0.00, -1.00
전갈,2,0,20833.85, 47.04, -14805.84, 0.00, 0.00, -1.00
전갈,2,0,20830.14, 48.14, -14780.74, 0.00, 0.00, -1.00
전갈,2,0,20851.06, 43.68, -14777.69, 0.00, 0.00, -1.00
전갈,2,0,20840.52, 45.13, -14826.62, 0.00, 0.00, -1.00
전갈,2,0,20846.19, 45.32, -14845.15, 0.00, 0.00, -1.00
전갈,2,0,20963.69, 40.66, -14835.31, 0.00, 0.00, -1.00
전갈,2,0,20854.73, 43.63, -14764.88, 0.00, 0.00, -1.00
전갈,2,0,20889.34, 39.84, -14773.27, 0.00, 0.00, -1.00
전갈,2,0,20869.03, 41.74, -14749.36, 0.00, 0.00, -1.00
전갈,2,0,20846.53, 46.67, -14735.92, 0.00, 0.00, -1.00
전갈,2,0,20873.67, 39.50, -14772.02, 0.00, 0.00, -1.00
전갈,2,0,20872.35, 42.94, -14799.75, 0.00, 0.00, -1.00
전갈,2,0,20892.30, 35.19, -14547.69, 0.00, 0.00, -1.00
전갈,2,0,20874.40, 31.80, -14551.95, 0.00, 0.00, -1.00
전갈,2,0,20746.83, 38.35, -14534.52, 0.00, 0.00, -1.00
전갈,2,0,20701.09, 36.63, -14544.02, 0.00, 0.00, -1.00
전갈,2,0,20689.25, 33.66, -14524.05, 0.00, 0.00, -1.00
전갈,2,0,20688.70, 34.69, -14515.24, 0.00, 0.00, -1.00
전갈,2,0,20718.28, 36.81, -14514.03, 0.00, 0.00, -1.00
전갈,2,0,20712.15, 39.24, -14487.10, 0.00, 0.00, -1.00
전갈,2,0,20688.64, 35.62, -14499.69, 0.00, 0.00, -1.00
전갈,2,0,20657.64, 37.35, -14523.57, 0.00, 0.00, -1.00
전갈,2,0,20656.31, 37.59, -14522.98, 0.00, 0.00, -1.00
전갈,2,0,20673.36, 34.72, -14539.15, 0.00, 0.00, -1.00
전갈,2,0,20675.79, 35.10, -14519.40, 0.00, 0.00, -1.00
전갈,2,0,20662.70, 36.35, -14493.53, 0.00, 0.00, -1.00
전갈,2,0,20662.51, 36.16, -14491.81, 0.00, 0.00, -1.00
전갈,2,0,20645.64, 37.33, -14506.12, 0.00, 0.00, -1.00
전갈,2,0,20636.33, 38.54, -14526.49, 0.00, 0.00, -1.00
전갈,2,0,20643.52, 37.85, -14545.67, 0.00, 0.00, -1.00
전갈,2,0,20658.88, 37.50, -14516.55, 0.00, 0.00, -1.00
전갈,2,0,20666.86, 36.14, -14502.53, 0.00, 0.00, -1.00
전갈,2,0,20663.47, 36.41, -14525.28, 0.00, 0.00, -1.00
전갈,2,0,20664.60, 35.92, -14540.30, 0.00, 0.00, -1.00
전갈,2,0,20724.55, 36.98, -14543.87, 0.00, 0.00, -1.00
전갈,2,0,20735.43, 34.96, -14561.49, 0.00, 0.00, -1.00
전갈,2,0,20742.76, 37.45, -14538.97, 0.00, 0.00, -1.00
전갈,2,0,20767.66, 38.00, -14511.68, 0.00, 0.00, -1.00
전갈,2,0,20773.34, 37.15, -14472.12, 0.00, 0.00, -1.00
전갈,2,0,20755.39, 38.00, -14501.27, 0.00, 0.00, -1.00
전갈,2,0,20740.67, 38.66, -14518.74, 0.00, 0.00, -1.00
전갈,2,0,20742.51, 38.26, -14507.39, 0.00, 0.00, -1.00
전갈,2,0,20724.68, 38.83, -14484.02, 0.00, 0.00, -1.00
전갈,2,0,20728.31, 36.60, -14465.44, 0.00, 0.00, -1.00
전갈,2,0,20747.30, 35.00, -14476.02, 0.00, 0.00, -1.00
전갈,2,0,20747.48, 36.31, -14486.51, 0.00, 0.00, -1.00
전갈,2,0,20756.25, 35.50, -14470.06, 0.00, 0.00, -1.00
전갈,2,0,20761.00, 36.29, -14485.65, 0.00, 0.00, -1.00
전갈,2,0,20738.39, 36.46, -14483.70, 0.00, 0.00, -1.00
전갈,2,0,20711.57, 38.64, -14469.16, 0.00, 0.00, -1.00
전갈,2,0,20718.45, 39.70, -14492.81, 0.00, 0.00, -1.00
전갈,2,0,20721.59, 39.50, -14499.58, 0.00, 0.00, -1.00
전갈,2,0,20730.45, 39.19, -14507.97, 0.00, 0.00, -1.00
전갈,2,0,20729.28, 36.80, -14528.20, 0.00, 0.00, -1.00
전갈,2,0,20733.32, 35.86, -14554.46, 0.00, 0.00, -1.00
전갈,2,0,20709.16, 35.70, -14558.38, 0.00, 0.00, -1.00
전갈,2,0,20500.05, 42.76, -14686.90, 0.00, 0.00, -1.00
전갈,2,0,20511.20, 39.10, -14694.63, 0.00, 0.00, -1.00
전갈,2,0,20517.97, 40.32, -14685.47, 0.00, 0.00, -1.00
전갈,2,0,20533.00, 38.51, -14704.95, 0.00, 0.00, -1.00
전갈,2,0,20532.41, 38.50, -14729.00, 0.00, 0.00, -1.00
전갈,2,0,20522.02, 38.69, -14730.46, 0.00, 0.00, -1.00
전갈,2,0,20541.90, 38.30, -14724.26, 0.00, 0.00, -1.00
전갈,2,0,20546.36, 39.00, -14715.96, 0.00, 0.00, -1.00
전갈,2,0,20554.47, 39.00, -14720.16, 0.00, 0.00, -1.00
