25
tree04,1,20439.53, 38.71, -15000.72, 0.91, 0.00, -0.42
tree04,1,20434.38, 37.87, -15000.20, -0.72, 0.00, 0.70
tree05,1,20203.77, 46.54, -15173.23, -0.99, 0.00, 0.17
rock04,1,20075.70, 57.30, -15172.90, 0.00, 0.00, 0.00
rock05,1,20068.92, 53.85, -15155.16, 0.00, 0.00, 0.00
rock06,1,20084.91, 53.57, -15162.37, 0.00, 0.00, 0.00
rock07,1,20064.36, 57.39, -15167.57, 0.00, 0.00, 0.00
rock08,1,20078.73, 52.24, -15157.48, 0.00, 0.00, 0.00
젃완쵔,2,0,20455.65, 42.13, -14878.25, 0.00, 0.00, -1.00
젃완쵔,2,0,20296.66, 49.48, -14908.20, 0.00, 0.00, -1.00
젃완쵔,2,0,20219.19, 52.71, -14852.03, 0.00, 0.00, -1.00
젃완쵔,2,0,20407.19, 49.50, -15029.55, 0.00, 0.00, -1.00
젃완쵔,2,0,20258.06, 36.70, -15070.51, 0.00, 0.00, -1.00
젃완쵔,2,0,20258.06, 28.99, -15118.06, 0.00, 0.00, -1.00
젃완쵔,2,0,20091.10, 40.10, -15013.61, 0.00, 0.00, -1.00
젃완쵔,2,0,20216.64, 42.99, -15002.82, 0.00, 0.00, -1.00
젃완쵔,2,0,20415.91, 44.26, -15133.03, 0.00, 0.00, -1.00
젃완쵔,2,0,20349.83, 43.96, -15058.04, 0.00, 0.00, -1.00
젃완쵔,2,0,20199.28, 34.09, -15303.22, 0.00, 0.00, -1.00
젃완쵔,2,0,20336.18, 35.47, -15251.40, 0.00, 0.00, -1.00
젃완쵔,2,0,20102.62, 44.67, -15227.78, 0.00, 0.00, -1.00
첲쌴,2,0,20084.52, 49.30, -14852.70, 0.00, 0.00, -1.00
첲쌴,2,0,20048.39, 37.22, -15109.40, 0.00, 0.00, -1.00
첲쌴,2,0,20276.46, 34.52, -15294.95, 0.00, 0.00, -1.00
palm01,1,20341.96, 40.74, -15081.98, 0.00, 0.00, 0.00
