31
전갈,2,0,19215.46, 35.96, -15212.44, 0.00, 0.00, -1.00
전갈,2,0,19083.65, 52.39, -15328.46, 0.00, 0.00, -1.00
전갈,2,0,19418.84, 42.44, -15100.46, 0.00, 0.00, -1.00
전갈,2,0,19332.35, 41.35, -14925.51, 0.00, 0.00, -1.00
전갈,2,0,19439.13, 33.72, -15269.08, 0.00, 0.00, -1.00
전갈,2,0,19448.13, 36.34, -15309.44, 0.00, 0.00, -1.00
전갈,2,0,19374.20, 52.21, -15319.22, 0.00, 0.00, -1.00
전갈,2,0,19320.54, 44.97, -15291.69, 0.00, 0.00, -1.00
전갈,2,0,19281.49, 51.23, -15249.34, 0.00, 0.00, -1.00
전갈,2,0,19244.97, 56.15, -15311.78, 0.00, 0.00, -1.00
전갈,2,0,19265.54, 56.44, -15296.48, 0.00, 0.00, -1.00
전갈,2,0,19230.04, 52.71, -15292.79, 0.00, 0.00, -1.00
전갈,2,0,19171.02, 38.34, -15312.11, 0.00, 0.00, -1.00
전갈,2,0,19139.06, 52.01, -15325.23, 0.00, 0.00, -1.00
전갈,2,0,19058.29, 33.52, -15289.89, 0.00, 0.00, -1.00
전갈,2,0,19011.06, 35.18, -15306.35, 0.00, 0.00, -1.00
전갈,2,0,19034.86, 45.26, -15184.78, 0.00, 0.00, -1.00
전갈,2,0,19033.53, 38.19, -15158.01, 0.00, 0.00, -1.00
전갈,2,0,19097.78, 39.70, -15168.52, 0.00, 0.00, -1.00
전갈,2,0,19148.37, 42.35, -15127.30, 0.00, 0.00, -1.00
전갈,2,0,19182.98, 44.02, -15122.97, 0.00, 0.00, -1.00
전갈,2,0,19208.04, 55.51, -15103.94, 0.00, 0.00, -1.00
전갈,2,0,19218.06, 52.25, -15072.01, 0.00, 0.00, -1.00
전갈,2,0,19217.90, 50.79, -15035.38, 0.00, 0.00, -1.00
전갈,2,0,19184.61, 49.55, -14948.54, 0.00, 0.00, -1.00
전갈,2,0,19214.49, 39.24, -14908.96, 0.00, 0.00, -1.00
전갈,2,0,19264.97, 46.50, -14892.04, 0.00, 0.00, -1.00
전갈,2,0,19205.03, 39.12, -14905.96, 0.00, 0.00, -1.00
천둥바실리스크,2,0,19153.38, 44.83, -15317.06, 0.00, 0.00, -1.00
tree08,1,19393.47, 50.96, -15352.15, 0.00, 0.00, 0.00
tree08,1,19340.59, 41.27, -15008.47, 0.00, 0.00, 0.00
