19
tree01,1,20378.85, 41.50, -16647.09, 0.00, 0.00, 0.00
tree03,1,20311.36, 36.46, -16598.17, 0.00, 0.00, 0.00
tree03,1,20200.19, 44.43, -16791.84, 0.00, 0.00, 0.00
palm03,1,20267.32, 36.33, -16441.48, 0.00, 0.00, 0.00
전갈,2,0,20083.68, 37.90, -16778.22, 0.00, 0.00, -1.00
전갈,2,0,20277.17, 34.29, -16732.02, 0.00, 0.00, -1.00
전갈,2,0,20084.01, 37.52, -16584.19, 0.00, 0.00, -1.00
창조자대경,2,0,20345.15, 34.50, -16797.65, 0.00, 0.00, -1.00
창조자대경,2,0,20237.70, 39.21, -16640.11, 0.00, 0.00, -1.00
창조자대경,2,0,20021.26, 36.00, -16483.53, 0.00, 0.00, -1.00
창조자대경,2,0,19972.51, 34.53, -16555.80, 0.00, 0.00, -1.00
tree03,1,20381.66, 39.51, -16885.55, 0.00, 0.00, 0.00
천둥바실리스크,2,0,20476.18, 39.50, -16802.21, 0.00, 0.00, -1.00
천둥바실리스크,2,0,20408.57, 34.57, -16830.86, 0.00, 0.00, -1.00
천둥바실리스크,2,0,20399.05, 34.37, -16838.92, 0.00, 0.00, -1.00
천둥바실리스크,2,0,20363.17, 40.69, -16752.13, 0.00, 0.00, -1.00
천둥바실리스크,2,0,20247.98, 39.54, -16759.73, 0.00, 0.00, -1.00
천둥바실리스크,2,0,20215.96, 38.86, -16723.63, 0.00, 0.00, -1.00
천둥바실리스크,2,0,20162.84, 41.59, -16622.08, 0.00, 0.00, -1.00
