57
cliffrock03,1,21988.27, 52.01, -14631.35, 0.00, 0.00, 0.00
cliffrock03,1,21981.22, 51.54, -14561.76, 0.00, 0.00, 0.00
cliffrock03,1,21994.31, 74.25, -14567.16, 0.00, 0.00, 0.00
cliffrock03,1,21999.43, 74.06, -14628.92, -0.04, 0.00, -1.00
cliffrock04,1,22000.81, 87.91, -14611.94, 0.99, 0.00, -0.11
cliffrock04,1,21997.62, 86.75, -14582.52, 0.99, 0.00, -0.13
cliffrock04,1,21998.51, 90.90, -14598.61, -0.00, 0.00, 1.00
rock07,1,22003.40, 49.74, -14585.47, 0.00, 0.00, 0.00
rock07,1,22004.02, 50.03, -14613.72, 0.00, 0.00, 0.00
rock04,1,22010.05, 63.32, -14618.21, 0.00, 0.00, 0.00
rock04,1,22011.73, 56.23, -14583.15, 0.00, 0.00, 0.00
cliffrock07,1,21992.79, 84.03, -14597.88, 0.00, 0.00, 0.00
cliffrock07,1,21993.58, 80.52, -14610.20, -0.06, 0.00, -1.00
cliffrock08,1,22003.30, 109.02, -14637.57, 0.43, 0.00, -0.90
cliffrock08,1,22003.27, 108.37, -14565.84, 0.39, 0.00, 0.92
cliffrock06,1,22006.34, 114.22, -14639.43, 0.00, 0.00, 0.00
cliffrock06,1,22011.26, 106.31, -14600.90, 0.00, 0.00, 0.00
cliffrock06,1,22000.86, 118.90, -14547.79, -0.96, 0.00, 0.27
ทฆลอ,2,0,21541.18, 37.35, -14827.28, 0.00, 0.00, -1.00
ทฆลอ,2,0,21632.97, 32.39, -14693.19, 0.00, 0.00, -1.00
ทฆลอ,2,0,21759.08, 34.73, -14703.97, 0.00, 0.00, -1.00
ทฆลอ,2,0,21692.03, 33.54, -14759.72, 0.00, 0.00, -1.00
ทฆลอ,2,0,21768.89, 35.00, -14787.22, 0.00, 0.00, -1.00
ทฆลอ,2,0,21847.44, 27.25, -14697.97, 0.00, 0.00, -1.00
ทฆลอ,2,0,21848.76, 38.20, -14629.60, 0.00, 0.00, -1.00
ทฆลอ,2,0,21861.02, 35.43, -14588.54, 0.00, 0.00, -1.00
ทฆลอ,2,0,21797.07, 35.65, -14563.40, 0.00, 0.00, -1.00
ทฆลอ,2,0,21684.06, 37.77, -14625.87, 0.00, 0.00, -1.00
ทฆลอ,2,0,21595.29, 36.68, -14660.47, 0.00, 0.00, -1.00
ทฆลอ,2,0,21769.04, 34.50, -14668.47, 0.00, 0.00, -1.00
ทฆลอ,2,0,21719.39, 33.78, -14701.62, 0.00, 0.00, -1.00
ทฆลอ,2,0,21633.62, 31.47, -14641.83, 0.00, 0.00, -1.00
ทฆลอ,2,0,21594.76, 40.50, -14608.12, 0.00, 0.00, -1.00
ทฆลอ,2,0,21786.88, 32.87, -14451.90, 0.00, 0.00, -1.00
ทฆลอ,2,0,21721.92, 35.50, -14482.96, 0.00, 0.00, -1.00
ทฆลอ,2,0,21668.62, 36.44, -14505.75, 0.00, 0.00, -1.00
ทฆลอ,2,0,21774.99, 30.96, -14486.67, 0.00, 0.00, -1.00
ทฆลอ,2,0,21862.49, 28.24, -14354.90, 0.00, 0.00, -1.00
ทฆลอ,2,0,21692.28, 43.47, -14419.46, 0.00, 0.00, -1.00
ทฆลอ,2,0,21625.43, 34.54, -14393.26, 0.00, 0.00, -1.00
palm03,1,21695.99, 40.01, -14369.31, 0.00, 0.00, 0.00
palm03,1,21625.94, 39.15, -14477.09, 0.00, 0.00, 0.00
palm02,1,21748.46, 35.47, -14553.64, 0.52, 0.00, -0.86
palm02,1,21828.44, 35.00, -14652.32, 0.00, 0.00, 0.00
palm03,1,21805.01, 42.18, -14621.44, 0.00, 0.00, 0.00
palm03,1,21639.63, 34.88, -14803.87, 0.00, 0.00, 0.00
cliffrock06,1,21923.87, 41.99, -14467.88, 0.00, 0.00, 0.00
cliffrock06,1,21996.54, 128.96, -14671.59, -0.75, 0.00, -0.67
cliffrock06,1,21991.44, 129.89, -14604.25, 0.00, 0.00, 0.00
cliffrock06,1,21996.85, 143.08, -14525.08, 0.00, 0.00, 0.00
cliffrock06,1,21992.67, 146.11, -14584.68, 0.00, 0.00, 0.00
cliffrock06,1,21998.52, 142.41, -14676.79, 0.00, 0.00, 0.00
cliffrock06,1,22002.04, 155.66, -14636.09, 0.00, 0.00, 0.00
cliffrock06,1,21986.78, 159.97, -14540.96, 0.00, 0.00, 0.00
cliffrock06,1,22010.88, 177.68, -14597.04, 0.00, 0.00, 0.00
cliffrock06,1,21992.13, 186.91, -14676.74, 0.97, 0.00, -0.23
cliffrock06,1,21990.04, 189.78, -14539.29, 0.00, 0.00, 0.00
