20
tree08,1,20016.64, 42.65, -15819.91, 0.00, 0.00, 0.00
tree08,1,20422.52, 42.00, -15793.81, 0.00, 0.00, 0.00
젃완쵔,2,0,20401.04, 40.63, -15426.59, 0.00, 0.00, -1.00
젃완쵔,2,0,20175.40, 39.93, -15409.21, 0.00, 0.00, -1.00
젃완쵔,2,0,20303.88, 46.25, -15526.04, 0.00, 0.00, -1.00
젃완쵔,2,0,20097.46, 35.68, -15580.50, 0.00, 0.00, -1.00
젃완쵔,2,0,20294.29, 38.91, -15719.77, 0.00, 0.00, -1.00
젃완쵔,2,0,20235.38, 36.28, -15578.86, 0.00, 0.00, -1.00
젃완쵔,2,0,20449.38, 39.00, -15597.99, 0.00, 0.00, -1.00
젃완쵔,2,0,20117.37, 40.45, -15708.47, 0.00, 0.00, -1.00
젃완쵔,2,0,20009.40, 34.63, -15643.85, 0.00, 0.00, -1.00
젃완쵔,2,0,20286.04, 36.85, -15377.20, 0.00, 0.00, -1.00
젃완쵔,2,0,20072.26, 54.15, -15407.06, 0.00, 0.00, -1.00
칙촜첔얾썭,2,0,20228.05, 38.48, -15826.18, 0.00, 0.00, -1.00
칙촜첔얾썭,2,0,20295.56, 34.35, -15775.71, 0.00, 0.00, -1.00
칙촜첔얾썭,2,0,20160.50, 41.24, -15650.40, 0.00, 0.00, -1.00
rock06,1,20447.75, 44.39, -15511.26, 0.72, 0.00, 0.70
rock07,1,20446.74, 46.01, -15496.05, -0.78, 0.00, 0.62
rock08,1,20447.97, 46.19, -15507.24, 0.00, 0.00, 0.00
rock08,1,20444.48, 46.26, -15501.57, -0.99, 0.00, 0.17
