23
瞪陞,2,0,20092.43, 26.60, -17443.75, 0.00, 0.00, -1.00
瞪陞,2,0,20091.13, 36.20, -17525.24, 0.00, 0.00, -1.00
學橫,2,0,20156.24, 33.97, -17576.86, 0.00, 0.00, -1.00
學橫,2,0,20165.30, 34.37, -17586.97, 0.00, 0.00, -1.00
學橫,2,0,20141.67, 33.28, -17585.74, 0.00, 0.00, -1.00
學橫,2,0,20137.90, 33.30, -17613.18, 0.00, 0.00, -1.00
學橫,2,0,20110.48, 40.60, -17628.41, 0.00, 0.00, -1.00
學橫,2,0,20057.73, 29.28, -17573.38, 0.00, 0.00, -1.00
學橫,2,0,20114.33, 35.73, -17447.85, 0.00, 0.00, -1.00
學橫,2,0,20165.98, 31.21, -17438.54, 0.00, 0.00, -1.00
學橫,2,0,20244.15, 36.43, -17527.25, 0.00, 0.00, -1.00
學橫,2,0,20357.43, 36.77, -17545.00, 0.00, 0.00, -1.00
學橫,2,0,20249.19, 36.57, -17523.40, 0.00, 0.00, -1.00
學橫,2,0,20280.01, 34.50, -17526.89, 0.00, 0.00, -1.00
學橫,2,0,20366.34, 36.19, -17545.91, 0.00, 0.00, -1.00
學橫,2,0,20433.42, 34.06, -17508.16, 0.00, 0.00, -1.00
學橫,2,0,20376.24, 34.06, -17412.71, 0.00, 0.00, -1.00
學橫,2,0,20440.51, 32.24, -17429.41, 0.00, 0.00, -1.00
學橫,2,0,20463.47, 30.06, -17479.53, 0.00, 0.00, -1.00
學橫,2,0,20402.96, 29.28, -17652.11, 0.00, 0.00, -1.00
學橫,2,0,20472.52, 37.63, -17661.23, 0.00, 0.00, -1.00
rock05,1,20135.02, 31.95, -17554.20, 0.00, 0.00, 0.00
rock04,1,20323.65, 40.20, -17562.39, 0.00, 0.00, 0.00
